64
2
32
4
5

0 32
0 32
0 32
0 32
0 32
0 32
0 32
0 32
0 32
0 32
0 32
0 32
0 32
0 32
0 32
0 32
0 32
0 32
0 32
0 32
0 32
0 32
0 32
0 32
0 32
0 32
0 32
0 32
0 32
0 32
0 32
0 32
0 32
0 32
0 32
0 32
0 32
0 32
0 32
0 32
0 32
0 32
0 32
0 32
0 32
0 32
0 32
0 32
0 32
0 32
0 32
0 32
0 32
0 32
0 32
0 32
0 32
0 32
0 32
0 32
0 32
0 32
0 32
0 32

0 32
0 32
0 32
0 32
0 32
0 32
0 32
0 32
0 32
0 32
0 32
0 32
0 32
0 32
0 32
0 32
0 32
0 32
0 32
0 32
0 32
0 32
0 32
0 32
0 32
0 32
0 32
0 32
0 32
0 32
0 32
0 32
0 32
0 32
0 32
0 32
0 32
0 32
0 32
0 32
0 32
0 32
0 32
0 32
0 32
0 32
0 32
0 32
0 32
0 32
0 32
0 32
0 32
0 32
0 32
0 32
0 32
0 32
0 32
0 32
0 32
0 32
0 32
0 32

16 32
16 32
16 32
16 32
16 32
16 32
16 32
16 32
16 32
16 32
16 32
16 32
16 32
16 32
16 32
16 32
16 32
16 32
16 32
16 32
16 32
16 32
16 32
16 32
16 32
16 32
16 32
16 32
16 32
16 32
16 32
16 32
16 32
16 32
16 32
16 32
16 32
16 32
16 32
16 32
16 32
16 32
16 32
16 32
16 32
16 32
16 32
16 32
16 32
16 32
16 32
16 32
16 32
16 32
16 32
16 32
16 32
16 32
16 32
16 32
16 32
16 32
16 32
16 32

5 5
4 5
5 4
0 5
5 0
0 5
5 3
4 5
5 3
5 5
5 5
1 5
5 0
2 5
5 3
0 5
5 3
3 5
5 0
0 5
5 0
2 5
5 4
0 5
5 4
1 5
5 2
0 5
5 0
2 5
5 5
3 5
5 0
0 5
5 0
1 5
5 0
2 5
5 0
4 5
5 2
0 5
5 1
3 5
5 4
0 5
5 0
1 5
5 4
2 5
5 0
1 5
5 0
0 5
5 1
3 5
5 0
0 5
5 0
4 5
5 4
0 5
5 0
3 5

28 31 21 23 28 27 27 26 35 31 30 29 32 27 26 31 28 24 26 26 23 22 24 22 29 36 24 22 27 34 29 29
29 26 28 27 22 20 23 23 20 29 23 25 23 26 27 19 25 25 27 24 29 25 23 25 24 19 30 27 25 25 33 31
