128
16
32
4
5

0 32
0 32
0 32
0 32
0 32
0 32
0 32
0 32
0 32
0 32
0 32
0 32
0 32
0 32
0 32
0 32
0 32
0 32
0 32
0 32
0 32
0 32
0 32
0 32
0 32
0 32
0 32
0 32
0 32
0 32
0 32
0 32
0 32
0 32
0 32
0 32
0 32
0 32
0 32
0 32
0 32
0 32
0 32
0 32
0 32
0 32
0 32
0 32
0 32
0 32
0 32
0 32
0 32
0 32
0 32
0 32
0 32
0 32
0 32
0 32
0 32
0 32
0 32
0 32
0 32
0 32
0 32
0 32
0 32
0 32
0 32
0 32
0 32
0 32
0 32
0 32
0 32
0 32
0 32
0 32
0 32
0 32
0 32
0 32
0 32
0 32
0 32
0 32
0 32
0 32
0 32
0 32
0 32
0 32
0 32
0 32
0 32
0 32
0 32
0 32
0 32
0 32
0 32
0 32
0 32
0 32
0 32
0 32
0 32
0 32
0 32
0 32
0 32
0 32
0 32
0 32
0 32
0 32
0 32
0 32
0 32
0 32
0 32
0 32
0 32
0 32
0 32
0 32

0 32
0 32
0 32
0 32
0 32
0 32
0 32
0 32
0 32
0 32
0 32
0 32
0 32
0 32
0 32
0 32
0 32
0 32
0 32
0 32
0 32
0 32
0 32
0 32
0 32
0 32
0 32
0 32
0 32
0 32
0 32
0 32
0 32
0 32
0 32
0 32
0 32
0 32
0 32
0 32
0 32
0 32
0 32
0 32
0 32
0 32
0 32
0 32
0 32
0 32
0 32
0 32
0 32
0 32
0 32
0 32
0 32
0 32
0 32
0 32
0 32
0 32
0 32
0 32
0 32
0 32
0 32
0 32
0 32
0 32
0 32
0 32
0 32
0 32
0 32
0 32
0 32
0 32
0 32
0 32
0 32
0 32
0 32
0 32
0 32
0 32
0 32
0 32
0 32
0 32
0 32
0 32
0 32
0 32
0 32
0 32
0 32
0 32
0 32
0 32
0 32
0 32
0 32
0 32
0 32
0 32
0 32
0 32
0 32
0 32
0 32
0 32
0 32
0 32
0 32
0 32
0 32
0 32
0 32
0 32
0 32
0 32
0 32
0 32
0 32
0 32
0 32
0 32

16 32
16 32
16 32
16 32
16 32
16 32
16 32
16 32
16 32
16 32
16 32
16 32
16 32
16 32
16 32
16 32
16 32
16 32
16 32
16 32
16 32
16 32
16 32
16 32
16 32
16 32
16 32
16 32
16 32
16 32
16 32
16 32
16 32
16 32
16 32
16 32
16 32
16 32
16 32
16 32
16 32
16 32
16 32
16 32
16 32
16 32
16 32
16 32
16 32
16 32
16 32
16 32
16 32
16 32
16 32
16 32
16 32
16 32
16 32
16 32
16 32
16 32
16 32
16 32
16 32
16 32
16 32
16 32
16 32
16 32
16 32
16 32
16 32
16 32
16 32
16 32
16 32
16 32
16 32
16 32
16 32
16 32
16 32
16 32
16 32
16 32
16 32
16 32
16 32
16 32
16 32
16 32
16 32
16 32
16 32
16 32
16 32
16 32
16 32
16 32
16 32
16 32
16 32
16 32
16 32
16 32
16 32
16 32
16 32
16 32
16 32
16 32
16 32
16 32
16 32
16 32
16 32
16 32
16 32
16 32
16 32
16 32
16 32
16 32
16 32
16 32
16 32
16 32

5 0 0 0 0 0 0 0 0 0 0 0 0 0 0 0
0 5 0 0 0 0 1 0 0 2 0 0 0 0 0 0
0 1 5 0 0 0 1 0 2 2 0 0 0 0 0 0
0 0 0 5 0 1 0 3 0 0 0 4 0 4 0 0
0 3 0 0 5 3 0 0 0 0 0 0 0 0 0 0
0 0 0 0 0 5 0 0 1 4 4 0 0 0 1 0
0 0 0 0 3 0 5 0 0 0 0 4 0 0 0 2
2 0 0 0 4 0 0 5 0 0 0 0 0 0 0 4
0 0 0 0 0 0 0 0 5 0 0 0 0 0 0 0
0 0 0 0 5 0 0 4 0 5 3 0 0 0 0 0
0 5 0 2 0 0 0 0 4 0 5 0 0 0 0 0
0 0 0 0 0 0 0 0 0 0 0 5 0 0 0 0
5 5 0 0 0 0 0 0 3 0 0 0 5 0 0 0
4 1 0 0 0 0 0 0 0 0 3 0 5 5 0 0
5 0 0 0 0 0 0 0 0 0 0 0 4 0 5 0
0 0 0 0 0 5 0 1 0 0 0 0 0 0 0 5
5 0 5 0 0 0 0 0 0 0 0 0 0 0 0 2
0 5 0 0 0 0 0 0 0 0 0 0 0 0 0 0
0 0 5 0 0 0 0 0 0 0 0 0 0 0 0 0
0 0 0 5 0 0 0 0 0 0 0 0 0 0 0 0
0 0 0 0 5 0 0 0 3 0 0 0 5 0 0 0
0 0 0 0 0 5 0 0 0 0 0 0 0 0 0 0
0 0 0 3 0 0 5 3 3 3 0 0 0 0 0 0
0 2 0 0 0 0 4 5 0 0 0 1 2 0 1 0
0 0 0 0 0 0 0 1 5 0 2 3 0 1 0 0
0 0 0 0 0 4 0 0 0 5 0 0 0 0 0 0
0 0 0 0 0 0 3 0 0 0 5 0 0 0 0 0
4 0 0 0 0 0 0 5 0 0 5 5 0 0 0 3
5 0 0 0 0 2 4 0 0 0 0 0 5 0 0 4
0 0 0 0 1 3 0 0 0 0 0 3 1 5 0 0
0 0 0 0 0 0 0 0 0 0 0 0 0 0 5 0
0 0 0 0 0 0 0 0 0 0 0 0 0 0 0 5
5 0 0 2 0 0 0 1 0 0 1 0 1 0 0 0
0 5 0 0 0 0 0 0 0 0 0 0 0 0 0 0
0 0 5 0 0 0 0 0 0 0 0 0 0 0 0 0
0 0 0 5 0 0 0 0 0 0 0 0 0 0 0 0
0 2 0 0 5 0 1 0 0 0 0 0 0 0 0 1
0 0 0 0 5 5 0 0 0 0 1 2 0 0 1 0
0 0 0 1 0 0 5 0 0 0 0 0 4 0 0 0
0 0 0 0 0 0 0 5 0 0 0 0 0 0 0 0
0 0 3 4 0 0 0 0 5 0 0 0 0 0 0 0
0 0 0 2 0 3 0 0 0 5 0 5 0 0 0 1
0 0 0 0 0 0 0 0 0 0 5 0 0 0 0 0
0 0 0 0 0 0 0 0 0 0 0 5 0 0 0 0
2 0 0 1 0 0 0 0 0 0 0 0 5 0 0 0
0 0 0 0 0 0 0 0 0 0 0 0 0 5 0 0
0 0 0 0 0 0 0 0 0 0 0 0 0 0 5 0
0 0 0 0 0 0 0 0 0 0 0 0 0 0 0 5
5 0 0 0 0 0 0 0 0 0 0 0 0 0 0 0
0 5 2 5 0 0 0 0 0 0 0 0 0 0 0 0
0 0 5 0 0 0 0 0 0 0 0 0 0 0 0 0
0 0 0 5 0 0 0 0 0 0 0 0 0 0 0 0
0 0 0 0 5 0 0 0 0 0 0 0 0 0 0 0
0 3 4 0 0 5 4 0 0 0 0 0 0 4 0 0
0 0 0 0 0 0 5 0 0 0 5 0 0 1 0 0
0 0 0 0 0 5 0 5 4 0 0 0 0 0 0 0
0 0 0 3 0 0 0 0 5 0 0 0 0 0 4 0
0 0 0 0 2 0 0 2 0 5 5 0 0 5 4 0
0 0 4 4 0 0 0 0 0 0 5 0 0 0 0 0
0 0 0 0 0 0 0 0 0 0 0 5 2 0 0 0
0 0 0 0 0 0 0 0 0 0 1 0 5 0 0 0
0 0 0 0 0 0 0 3 0 0 0 0 2 5 0 4
0 0 0 0 3 0 0 0 0 0 0 3 0 0 5 0
0 3 0 0 0 0 0 0 4 0 0 0 4 0 3 5
5 0 0 0 0 0 0 0 0 0 0 0 0 0 0 0
0 5 0 0 0 0 0 0 0 5 0 0 0 3 0 0
0 0 5 0 0 0 0 0 0 0 0 0 0 0 0 0
0 0 0 5 0 0 2 5 2 0 4 0 0 0 0 0
0 1 0 5 5 0 0 0 0 0 0 0 0 0 3 0
0 5 0 0 4 5 0 0 0 0 0 0 0 0 0 0
0 0 0 0 0 0 5 0 0 0 0 0 0 0 0 0
0 0 0 0 0 0 0 5 0 0 0 0 0 0 0 0
0 0 0 0 0 0 0 0 5 0 0 0 0 0 0 0
0 0 5 0 1 0 0 1 0 5 0 0 0 4 0 2
0 0 0 0 0 0 0 0 0 0 5 0 0 0 0 0
5 0 0 0 0 0 1 0 0 0 0 5 0 0 0 0
0 0 0 0 0 3 0 0 0 5 0 3 5 0 0 0
0 0 0 0 0 0 0 0 0 0 0 0 0 5 0 0
0 0 0 0 0 0 0 0 0 0 0 0 0 0 5 0
0 0 0 0 0 0 0 0 2 0 0 0 0 0 0 5
5 0 0 0 3 0 4 0 0 0 0 0 1 0 0 0
1 5 5 4 0 4 0 0 0 0 0 0 0 5 0 0
0 0 5 0 0 2 0 0 2 3 0 0 3 0 1 0
2 1 0 5 0 0 0 1 3 0 0 0 0 1 0 0
0 0 0 0 5 0 2 0 4 0 0 0 0 0 0 2
0 4 2 0 0 5 0 1 0 0 0 0 0 4 0 0
0 0 0 0 0 0 5 0 0 0 0 0 0 0 0 0
0 3 0 0 0 0 0 5 0 1 1 0 0 1 0 0
0 0 0 0 4 3 0 0 5 0 0 5 0 5 0 0
0 0 0 5 0 0 0 0 0 5 0 0 1 0 3 0
0 0 0 2 3 0 0 0 0 0 5 0 0 0 0 0
0 3 0 0 0 0 0 0 4 0 0 5 0 0 0 0
0 0 0 0 0 0 0 0 0 0 0 0 5 0 0 0
0 0 0 0 3 0 0 0 0 0 0 0 1 5 0 0
0 0 0 0 0 0 0 0 0 0 0 0 0 0 5 0
0 4 2 0 0 0 2 1 0 0 1 0 0 0 0 5
5 0 0 0 0 1 0 0 0 0 0 1 0 0 4 0
3 5 0 5 0 4 0 0 0 2 0 0 3 0 0 0
0 0 5 0 0 0 0 0 0 0 0 0 0 0 0 0
2 0 0 5 0 0 0 3 0 0 4 0 5 0 3 0
4 0 1 0 5 0 0 0 3 3 0 0 0 0 0 0
0 0 0 0 0 5 0 0 0 0 0 0 0 0 0 0
0 0 0 0 0 0 5 0 0 0 0 0 0 0 0 0
0 0 0 0 0 0 0 5 0 0 0 0 0 0 0 0
5 0 0 0 0 4 1 0 5 0 0 3 0 0 0 0
0 1 0 0 0 3 1 0 0 5 0 0 0 0 0 0
0 0 0 0 0 0 0 0 0 0 5 0 0 0 0 0
0 0 0 0 0 0 0 0 0 0 0 5 0 0 0 0
0 0 0 0 0 0 0 0 0 0 0 0 5 0 0 0
0 5 0 0 0 0 0 0 0 0 2 0 0 5 0 1
0 0 0 0 2 4 0 4 0 0 0 0 0 0 5 0
0 0 0 0 0 0 0 0 0 0 0 0 0 0 0 5
5 0 0 0 0 0 0 0 0 2 0 0 2 0 0 4
0 5 5 0 0 0 0 0 0 0 0 4 0 0 3 0
0 0 5 0 0 0 4 1 0 0 0 0 0 0 0 0
0 0 0 5 0 0 0 0 0 0 0 0 0 0 0 0
0 0 0 0 5 4 0 0 0 1 4 0 0 4 0 0
0 0 0 0 0 5 0 0 0 0 0 0 0 0 0 0
0 0 0 5 0 0 5 0 0 0 0 0 0 0 0 0
1 0 0 0 0 0 0 5 0 0 0 0 2 4 0 0
1 0 0 0 0 3 0 0 5 0 0 0 0 0 2 0
0 0 0 2 1 0 0 5 0 5 0 5 0 0 0 0
0 0 0 0 0 0 0 0 0 0 5 0 0 0 0 0
1 0 1 0 0 0 2 2 0 0 0 5 0 0 0 0
0 0 0 0 0 0 0 0 0 0 0 0 5 0 0 0
0 0 0 0 0 0 5 0 0 3 0 0 0 5 0 0
0 0 0 0 0 0 0 0 0 0 0 0 0 0 5 0
0 0 0 0 0 0 0 0 0 0 2 0 0 0 5 5

9 9 5 8 4 3 4 6 8 7 5 7 6 7 5 10 6 5 8 9 6 5 6 9 6 7 5 2 6 7 7 10
7 8 5 9 8 5 6 6 7 10 2 5 7 6 9 4 6 5 6 6 5 6 8 5 5 7 5 7 8 7 6 8
7 6 10 5 8 6 10 7 7 10 7 8 7 7 5 9 10 8 8 9 5 10 8 7 9 7 7 5 4 5 9 10
6 9 8 5 8 11 6 7 6 7 10 11 7 10 9 8 12 9 8 6 10 6 5 9 7 8 10 8 8 7 9 7
10 4 3 5 6 4 6 5 4 6 5 2 6 8 4 3 7 6 8 1 6 6 6 4 4 5 1 1 4 5 5 8
6 7 8 9 8 8 6 9 10 7 5 3 5 6 9 11 8 4 6 8 8 9 7 10 6 7 6 7 7 5 9 10
10 6 9 7 8 9 9 9 6 7 7 8 8 7 9 9 6 11 9 9 9 6 8 8 7 7 7 6 8 5 9 7
10 7 7 5 6 7 9 10 6 5 6 8 7 5 8 7 8 9 6 6 9 7 5 7 8 10 5 5 5 7 5 11
7 5 7 8 7 7 9 8 10 3 9 2 3 6 6 9 2 8 7 8 6 3 4 3 3 5 4 5 8 8 8 6
2 2 4 5 4 8 3 4 5 5 6 6 7 6 7 5 5 6 6 3 3 4 3 3 6 4 7 3 9 1 4 3
5 7 5 4 8 7 6 5 9 7 7 9 7 8 5 10 7 5 9 11 8 9 4 6 10 9 6 9 6 10 9 6
8 6 3 4 7 4 6 7 6 9 9 5 6 8 6 5 5 8 4 6 10 7 8 8 7 1 8 3 5 7 6 9
8 13 7 6 6 5 6 7 9 10 10 5 7 7 6 8 9 8 9 9 8 8 9 6 8 8 12 12 9 7 9 7
7 4 6 10 5 6 9 7 6 4 6 6 4 7 5 2 4 6 4 5 4 6 2 5 2 1 6 5 4 8 6 6
7 10 10 7 7 10 10 6 6 10 6 12 8 6 8 7 9 7 7 7 9 9 7 8 8 7 7 10 7 9 7 11
7 8 7 7 8 9 4 6 6 5 7 7 11 6 5 6 7 4 4 8 5 6 11 8 6 6 7 5 5 10 6 6
