64
2
32
4
5

0 32
0 32
0 32
0 32
0 32
0 32
0 32
0 32
0 32
0 32
0 32
0 32
0 32
0 32
0 32
0 32
0 32
0 32
0 32
0 32
0 32
0 32
0 32
0 32
0 32
0 32
0 32
0 32
0 32
0 32
0 32
0 32
0 32
0 32
0 32
0 32
0 32
0 32
0 32
0 32
0 32
0 32
0 32
0 32
0 32
0 32
0 32
0 32
0 32
0 32
0 32
0 32
0 32
0 32
0 32
0 32
0 32
0 32
0 32
0 32
0 32
0 32
0 32
0 32

0 32
0 32
0 32
0 32
0 32
0 32
0 32
0 32
0 32
0 32
0 32
0 32
0 32
0 32
0 32
0 32
0 32
0 32
0 32
0 32
0 32
0 32
0 32
0 32
0 32
0 32
0 32
0 32
0 32
0 32
0 32
0 32
0 32
0 32
0 32
0 32
0 32
0 32
0 32
0 32
0 32
0 32
0 32
0 32
0 32
0 32
0 32
0 32
0 32
0 32
0 32
0 32
0 32
0 32
0 32
0 32
0 32
0 32
0 32
0 32
0 32
0 32
0 32
0 32

16 32
16 32
16 32
16 32
16 32
16 32
16 32
16 32
16 32
16 32
16 32
16 32
16 32
16 32
16 32
16 32
16 32
16 32
16 32
16 32
16 32
16 32
16 32
16 32
16 32
16 32
16 32
16 32
16 32
16 32
16 32
16 32
16 32
16 32
16 32
16 32
16 32
16 32
16 32
16 32
16 32
16 32
16 32
16 32
16 32
16 32
16 32
16 32
16 32
16 32
16 32
16 32
16 32
16 32
16 32
16 32
16 32
16 32
16 32
16 32
16 32
16 32
16 32
16 32

5 0
2 5
5 2
4 5
5 2
4 5
5 5
4 5
5 0
0 5
5 0
2 5
5 5
0 5
5 3
5 5
5 5
3 5
5 2
2 5
5 1
1 5
5 3
5 5
5 3
1 5
5 3
5 5
5 0
0 5
5 0
1 5
5 0
0 5
5 0
4 5
5 3
4 5
5 2
0 5
5 5
0 5
5 0
5 5
5 0
0 5
5 2
0 5
5 0
0 5
5 5
0 5
5 1
1 5
5 1
5 5
5 0
0 5
5 5
0 5
5 2
5 5
5 5
0 5

25 28 25 22 24 20 21 26 25 30 29 28 30 26 28 28 32 23 31 33 18 28 20 27 31 26 23 23 24 35 26 29
33 28 27 25 25 28 30 29 32 30 32 27 27 27 28 30 28 35 23 21 32 26 31 28 24 29 31 33 35 22 37 35
