64
2
32
4
5

0 32
0 32
0 32
0 32
0 32
0 32
0 32
0 32
0 32
0 32
0 32
0 32
0 32
0 32
0 32
0 32
0 32
0 32
0 32
0 32
0 32
0 32
0 32
0 32
0 32
0 32
0 32
0 32
0 32
0 32
0 32
0 32
0 32
0 32
0 32
0 32
0 32
0 32
0 32
0 32
0 32
0 32
0 32
0 32
0 32
0 32
0 32
0 32
0 32
0 32
0 32
0 32
0 32
0 32
0 32
0 32
0 32
0 32
0 32
0 32
0 32
0 32
0 32
0 32

0 32
0 32
0 32
0 32
0 32
0 32
0 32
0 32
0 32
0 32
0 32
0 32
0 32
0 32
0 32
0 32
0 32
0 32
0 32
0 32
0 32
0 32
0 32
0 32
0 32
0 32
0 32
0 32
0 32
0 32
0 32
0 32
0 32
0 32
0 32
0 32
0 32
0 32
0 32
0 32
0 32
0 32
0 32
0 32
0 32
0 32
0 32
0 32
0 32
0 32
0 32
0 32
0 32
0 32
0 32
0 32
0 32
0 32
0 32
0 32
0 32
0 32
0 32
0 32

16 32
16 32
16 32
16 32
16 32
16 32
16 32
16 32
16 32
16 32
16 32
16 32
16 32
16 32
16 32
16 32
16 32
16 32
16 32
16 32
16 32
16 32
16 32
16 32
16 32
16 32
16 32
16 32
16 32
16 32
16 32
16 32
16 32
16 32
16 32
16 32
16 32
16 32
16 32
16 32
16 32
16 32
16 32
16 32
16 32
16 32
16 32
16 32
16 32
16 32
16 32
16 32
16 32
16 32
16 32
16 32
16 32
16 32
16 32
16 32
16 32
16 32
16 32
16 32

5 2
0 5
5 2
5 5
5 5
0 5
5 4
3 5
5 0
4 5
5 0
1 5
5 2
1 5
5 4
3 5
5 0
3 5
5 5
3 5
5 0
0 5
5 3
2 5
5 5
0 5
5 2
1 5
5 4
0 5
5 4
0 5
5 0
0 5
5 4
0 5
5 0
0 5
5 0
1 5
5 0
5 5
5 0
1 5
5 3
0 5
5 2
0 5
5 1
3 5
5 0
2 5
5 0
0 5
5 4
0 5
5 0
0 5
5 2
2 5
5 1
5 5
5 3
1 5

35 26 26 20 25 21 34 30 28 17 24 26 24 29 30 19 22 23 30 29 35 32 28 28 32 25 21 22 27 25 24 31
24 30 25 32 28 28 20 22 23 29 28 24 27 21 18 33 25 33 28 27 24 21 28 20 21 31 28 29 26 34 30 29
