64
2
32
4
5

0 32
0 32
0 32
0 32
0 32
0 32
0 32
0 32
0 32
0 32
0 32
0 32
0 32
0 32
0 32
0 32
0 32
0 32
0 32
0 32
0 32
0 32
0 32
0 32
0 32
0 32
0 32
0 32
0 32
0 32
0 32
0 32
0 32
0 32
0 32
0 32
0 32
0 32
0 32
0 32
0 32
0 32
0 32
0 32
0 32
0 32
0 32
0 32
0 32
0 32
0 32
0 32
0 32
0 32
0 32
0 32
0 32
0 32
0 32
0 32
0 32
0 32
0 32
0 32

0 32
0 32
0 32
0 32
0 32
0 32
0 32
0 32
0 32
0 32
0 32
0 32
0 32
0 32
0 32
0 32
0 32
0 32
0 32
0 32
0 32
0 32
0 32
0 32
0 32
0 32
0 32
0 32
0 32
0 32
0 32
0 32
0 32
0 32
0 32
0 32
0 32
0 32
0 32
0 32
0 32
0 32
0 32
0 32
0 32
0 32
0 32
0 32
0 32
0 32
0 32
0 32
0 32
0 32
0 32
0 32
0 32
0 32
0 32
0 32
0 32
0 32
0 32
0 32

16 32
16 32
16 32
16 32
16 32
16 32
16 32
16 32
16 32
16 32
16 32
16 32
16 32
16 32
16 32
16 32
16 32
16 32
16 32
16 32
16 32
16 32
16 32
16 32
16 32
16 32
16 32
16 32
16 32
16 32
16 32
16 32
16 32
16 32
16 32
16 32
16 32
16 32
16 32
16 32
16 32
16 32
16 32
16 32
16 32
16 32
16 32
16 32
16 32
16 32
16 32
16 32
16 32
16 32
16 32
16 32
16 32
16 32
16 32
16 32
16 32
16 32
16 32
16 32

5 4
0 5
5 0
1 5
5 3
4 5
5 0
0 5
5 2
1 5
5 2
5 5
5 5
0 5
5 1
0 5
5 5
0 5
5 1
0 5
5 5
5 5
5 0
0 5
5 4
3 5
5 0
0 5
5 0
0 5
5 3
1 5
5 5
1 5
5 0
0 5
5 0
4 5
5 0
0 5
5 0
4 5
5 0
1 5
5 5
0 5
5 0
0 5
5 3
0 5
5 5
0 5
5 1
4 5
5 0
4 5
5 2
5 5
5 3
4 5
5 0
0 5
5 3
3 5

26 28 28 25 28 23 23 23 25 25 23 28 27 23 24 27 27 19 22 24 21 31 23 26 31 26 25 26 27 23 34 27
36 28 31 29 26 24 28 27 27 22 29 25 25 33 34 30 26 29 29 32 32 28 32 27 25 28 32 26 26 34 28 33
