64
2
32
4
5

0 32
0 32
0 32
0 32
0 32
0 32
0 32
0 32
0 32
0 32
0 32
0 32
0 32
0 32
0 32
0 32
0 32
0 32
0 32
0 32
0 32
0 32
0 32
0 32
0 32
0 32
0 32
0 32
0 32
0 32
0 32
0 32
0 32
0 32
0 32
0 32
0 32
0 32
0 32
0 32
0 32
0 32
0 32
0 32
0 32
0 32
0 32
0 32
0 32
0 32
0 32
0 32
0 32
0 32
0 32
0 32
0 32
0 32
0 32
0 32
0 32
0 32
0 32
0 32

0 32
0 32
0 32
0 32
0 32
0 32
0 32
0 32
0 32
0 32
0 32
0 32
0 32
0 32
0 32
0 32
0 32
0 32
0 32
0 32
0 32
0 32
0 32
0 32
0 32
0 32
0 32
0 32
0 32
0 32
0 32
0 32
0 32
0 32
0 32
0 32
0 32
0 32
0 32
0 32
0 32
0 32
0 32
0 32
0 32
0 32
0 32
0 32
0 32
0 32
0 32
0 32
0 32
0 32
0 32
0 32
0 32
0 32
0 32
0 32
0 32
0 32
0 32
0 32

16 32
16 32
16 32
16 32
16 32
16 32
16 32
16 32
16 32
16 32
16 32
16 32
16 32
16 32
16 32
16 32
16 32
16 32
16 32
16 32
16 32
16 32
16 32
16 32
16 32
16 32
16 32
16 32
16 32
16 32
16 32
16 32
16 32
16 32
16 32
16 32
16 32
16 32
16 32
16 32
16 32
16 32
16 32
16 32
16 32
16 32
16 32
16 32
16 32
16 32
16 32
16 32
16 32
16 32
16 32
16 32
16 32
16 32
16 32
16 32
16 32
16 32
16 32
16 32

5 3
5 5
5 3
1 5
5 1
3 5
5 0
2 5
5 3
0 5
5 0
0 5
5 4
0 5
5 0
0 5
5 0
1 5
5 1
0 5
5 4
4 5
5 0
4 5
5 0
2 5
5 5
5 5
5 5
2 5
5 3
5 5
5 3
1 5
5 2
0 5
5 0
5 5
5 4
0 5
5 1
0 5
5 0
0 5
5 0
0 5
5 0
0 5
5 1
2 5
5 0
0 5
5 0
3 5
5 0
1 5
5 3
0 5
5 4
3 5
5 2
0 5
5 0
0 5

32 26 29 29 29 27 30 28 28 26 26 31 27 27 30 32 32 29 23 27 29 24 28 30 21 29 28 22 24 28 29 32
28 30 28 28 31 31 26 25 24 24 29 25 28 26 25 25 25 30 33 28 28 29 28 19 30 25 24 32 32 28 29 32
