64
2
32
4
5

0 32
0 32
0 32
0 32
0 32
0 32
0 32
0 32
0 32
0 32
0 32
0 32
0 32
0 32
0 32
0 32
0 32
0 32
0 32
0 32
0 32
0 32
0 32
0 32
0 32
0 32
0 32
0 32
0 32
0 32
0 32
0 32
0 32
0 32
0 32
0 32
0 32
0 32
0 32
0 32
0 32
0 32
0 32
0 32
0 32
0 32
0 32
0 32
0 32
0 32
0 32
0 32
0 32
0 32
0 32
0 32
0 32
0 32
0 32
0 32
0 32
0 32
0 32
0 32

0 32
0 32
0 32
0 32
0 32
0 32
0 32
0 32
0 32
0 32
0 32
0 32
0 32
0 32
0 32
0 32
0 32
0 32
0 32
0 32
0 32
0 32
0 32
0 32
0 32
0 32
0 32
0 32
0 32
0 32
0 32
0 32
0 32
0 32
0 32
0 32
0 32
0 32
0 32
0 32
0 32
0 32
0 32
0 32
0 32
0 32
0 32
0 32
0 32
0 32
0 32
0 32
0 32
0 32
0 32
0 32
0 32
0 32
0 32
0 32
0 32
0 32
0 32
0 32

16 32
16 32
16 32
16 32
16 32
16 32
16 32
16 32
16 32
16 32
16 32
16 32
16 32
16 32
16 32
16 32
16 32
16 32
16 32
16 32
16 32
16 32
16 32
16 32
16 32
16 32
16 32
16 32
16 32
16 32
16 32
16 32
16 32
16 32
16 32
16 32
16 32
16 32
16 32
16 32
16 32
16 32
16 32
16 32
16 32
16 32
16 32
16 32
16 32
16 32
16 32
16 32
16 32
16 32
16 32
16 32
16 32
16 32
16 32
16 32
16 32
16 32
16 32
16 32

5 0
4 5
5 0
5 5
5 0
5 5
5 0
1 5
5 3
4 5
5 3
4 5
5 0
3 5
5 3
1 5
5 0
0 5
5 4
5 5
5 3
0 5
5 3
0 5
5 5
3 5
5 4
1 5
5 0
0 5
5 5
2 5
5 5
4 5
5 0
0 5
5 4
1 5
5 4
0 5
5 1
0 5
5 3
5 5
5 0
4 5
5 5
0 5
5 2
0 5
5 1
3 5
5 5
0 5
5 0
4 5
5 2
0 5
5 0
3 5
5 5
0 5
5 3
0 5

32 27 26 20 28 25 23 29 28 28 24 28 25 22 30 26 26 24 21 26 25 23 26 27 32 25 25 28 30 25 34 33
31 33 32 34 22 28 30 24 29 30 30 26 30 34 28 28 26 28 29 26 29 28 27 25 23 31 29 27 28 31 27 31
