128
16
32
4
5

0 32
0 32
0 32
0 32
0 32
0 32
0 32
0 32
0 32
0 32
0 32
0 32
0 32
0 32
0 32
0 32
0 32
0 32
0 32
0 32
0 32
0 32
0 32
0 32
0 32
0 32
0 32
0 32
0 32
0 32
0 32
0 32
0 32
0 32
0 32
0 32
0 32
0 32
0 32
0 32
0 32
0 32
0 32
0 32
0 32
0 32
0 32
0 32
0 32
0 32
0 32
0 32
0 32
0 32
0 32
0 32
0 32
0 32
0 32
0 32
0 32
0 32
0 32
0 32
0 32
0 32
0 32
0 32
0 32
0 32
0 32
0 32
0 32
0 32
0 32
0 32
0 32
0 32
0 32
0 32
0 32
0 32
0 32
0 32
0 32
0 32
0 32
0 32
0 32
0 32
0 32
0 32
0 32
0 32
0 32
0 32
0 32
0 32
0 32
0 32
0 32
0 32
0 32
0 32
0 32
0 32
0 32
0 32
0 32
0 32
0 32
0 32
0 32
0 32
0 32
0 32
0 32
0 32
0 32
0 32
0 32
0 32
0 32
0 32
0 32
0 32
0 32
0 32

0 32
0 32
0 32
0 32
0 32
0 32
0 32
0 32
0 32
0 32
0 32
0 32
0 32
0 32
0 32
0 32
0 32
0 32
0 32
0 32
0 32
0 32
0 32
0 32
0 32
0 32
0 32
0 32
0 32
0 32
0 32
0 32
0 32
0 32
0 32
0 32
0 32
0 32
0 32
0 32
0 32
0 32
0 32
0 32
0 32
0 32
0 32
0 32
0 32
0 32
0 32
0 32
0 32
0 32
0 32
0 32
0 32
0 32
0 32
0 32
0 32
0 32
0 32
0 32
0 32
0 32
0 32
0 32
0 32
0 32
0 32
0 32
0 32
0 32
0 32
0 32
0 32
0 32
0 32
0 32
0 32
0 32
0 32
0 32
0 32
0 32
0 32
0 32
0 32
0 32
0 32
0 32
0 32
0 32
0 32
0 32
0 32
0 32
0 32
0 32
0 32
0 32
0 32
0 32
0 32
0 32
0 32
0 32
0 32
0 32
0 32
0 32
0 32
0 32
0 32
0 32
0 32
0 32
0 32
0 32
0 32
0 32
0 32
0 32
0 32
0 32
0 32
0 32

16 32
16 32
16 32
16 32
16 32
16 32
16 32
16 32
16 32
16 32
16 32
16 32
16 32
16 32
16 32
16 32
16 32
16 32
16 32
16 32
16 32
16 32
16 32
16 32
16 32
16 32
16 32
16 32
16 32
16 32
16 32
16 32
16 32
16 32
16 32
16 32
16 32
16 32
16 32
16 32
16 32
16 32
16 32
16 32
16 32
16 32
16 32
16 32
16 32
16 32
16 32
16 32
16 32
16 32
16 32
16 32
16 32
16 32
16 32
16 32
16 32
16 32
16 32
16 32
16 32
16 32
16 32
16 32
16 32
16 32
16 32
16 32
16 32
16 32
16 32
16 32
16 32
16 32
16 32
16 32
16 32
16 32
16 32
16 32
16 32
16 32
16 32
16 32
16 32
16 32
16 32
16 32
16 32
16 32
16 32
16 32
16 32
16 32
16 32
16 32
16 32
16 32
16 32
16 32
16 32
16 32
16 32
16 32
16 32
16 32
16 32
16 32
16 32
16 32
16 32
16 32
16 32
16 32
16 32
16 32
16 32
16 32
16 32
16 32
16 32
16 32
16 32
16 32

5 0 0 0 0 0 0 0 0 0 0 0 0 0 0 5
5 5 0 0 3 0 0 0 0 0 0 0 0 0 1 1
0 0 5 0 0 0 0 0 0 0 0 0 0 0 0 0
0 0 0 5 0 0 0 0 0 0 0 5 0 0 0 0
0 0 0 0 5 0 0 0 0 0 0 0 0 0 0 0
0 0 0 0 0 5 0 0 0 0 0 0 0 0 0 0
4 0 0 0 0 0 5 0 0 0 0 0 0 0 0 3
0 4 5 0 0 0 5 5 0 0 4 0 0 0 0 0
0 0 0 0 0 0 0 2 5 0 0 0 0 0 0 5
0 0 0 0 1 5 0 0 4 5 0 0 0 5 0 2
0 0 0 0 4 0 0 0 0 4 5 0 0 0 0 0
0 0 0 0 0 0 0 0 0 0 0 5 0 0 0 0
0 0 4 0 0 2 2 0 2 0 0 0 5 5 0 0
0 0 0 0 2 0 0 0 0 3 0 0 0 5 0 2
0 0 0 0 2 0 0 0 0 0 2 0 0 0 5 0
0 0 1 0 0 0 4 0 0 5 0 0 0 0 0 5
5 0 0 0 0 0 0 0 0 0 0 0 0 0 0 0
0 5 0 0 0 0 0 0 0 0 0 0 0 0 0 0
0 0 5 0 0 0 0 0 0 0 0 0 0 0 0 0
0 3 0 5 0 0 0 0 0 0 4 0 0 0 2 3
0 0 0 0 5 0 0 0 0 3 0 1 0 0 0 0
0 0 0 2 0 5 5 1 0 0 0 0 3 2 0 0
0 0 0 1 0 0 5 0 0 3 0 0 0 0 4 0
0 0 0 0 0 0 0 5 0 0 0 0 0 0 0 0
0 0 0 0 0 0 0 0 5 0 3 0 4 0 0 0
0 0 0 0 0 0 0 0 0 5 0 0 0 0 0 0
0 0 0 0 0 0 0 3 2 0 5 0 0 0 0 0
0 0 0 0 0 0 0 0 0 0 0 5 0 0 0 0
0 5 0 2 4 0 4 0 0 0 0 0 5 0 0 0
0 1 0 0 2 0 4 0 0 0 0 0 0 5 0 0
0 0 0 0 0 0 0 0 0 0 0 0 5 0 5 0
0 0 0 0 0 5 1 2 0 0 0 0 0 0 0 5
5 0 0 0 4 3 0 0 1 0 0 3 0 0 0 0
0 5 3 0 0 0 4 0 0 0 2 0 0 0 0 0
3 0 5 0 0 2 0 0 0 0 0 0 1 0 4 0
0 0 0 5 0 0 2 0 0 0 0 0 0 1 0 0
0 0 0 5 5 0 0 0 1 0 0 0 0 0 0 0
0 0 0 0 0 5 0 0 0 0 0 0 0 0 0 0
0 0 0 0 0 0 5 0 0 0 0 0 0 0 0 0
3 0 0 0 0 0 0 5 0 0 5 0 0 0 0 0
0 0 2 0 0 3 2 0 5 0 0 0 0 0 0 0
0 0 0 0 0 0 0 0 0 5 0 0 0 0 0 0
0 0 0 0 0 1 3 0 0 0 5 3 0 0 0 0
0 0 3 0 0 4 0 0 0 0 0 5 0 0 1 0
0 0 0 0 0 0 0 0 0 0 0 0 5 0 0 0
0 0 0 0 0 0 0 0 0 0 0 0 0 5 0 0
2 0 0 0 0 0 0 1 1 0 0 5 0 0 5 0
0 0 0 1 0 0 1 0 0 0 0 0 0 0 0 5
5 0 0 0 0 0 0 1 2 0 0 0 0 0 0 0
0 5 0 0 0 0 0 0 0 0 0 4 0 0 2 0
0 0 5 0 0 0 0 0 0 0 4 0 4 1 1 0
0 0 0 5 0 0 0 0 0 0 0 0 0 0 0 0
0 0 0 0 5 0 3 0 0 5 4 0 3 0 0 0
2 3 0 0 4 5 0 0 0 0 0 0 0 1 0 0
0 0 3 4 0 0 5 0 0 0 0 0 0 0 0 3
0 0 0 0 0 0 0 5 0 0 0 0 0 0 0 0
0 3 0 0 0 2 0 0 5 0 0 0 3 0 0 1
0 0 0 1 0 0 0 0 0 5 0 0 0 0 0 0
0 0 0 0 0 0 0 0 0 0 5 0 0 0 0 0
0 0 0 0 0 0 0 0 0 0 0 5 0 0 0 0
0 0 2 0 5 0 0 0 0 0 0 0 5 5 0 0
0 5 0 0 0 0 0 0 0 0 0 0 0 5 0 2
5 0 0 0 0 0 0 4 0 0 0 0 0 0 5 1
0 0 0 0 0 0 0 0 0 0 0 0 0 0 0 5
5 0 0 0 0 0 0 0 0 0 0 0 0 0 0 0
0 5 1 0 0 0 0 0 0 0 0 0 0 0 0 0
0 0 5 0 0 0 0 0 0 0 0 0 0 0 0 0
0 0 1 5 0 0 0 2 0 1 4 0 0 0 0 0
0 0 0 0 5 0 3 0 0 0 0 0 0 5 0 0
3 0 0 0 2 5 0 0 0 0 0 0 0 0 0 0
0 0 0 0 0 0 5 0 0 0 0 0 0 0 0 0
1 0 0 2 0 0 0 5 0 0 0 5 0 0 0 0
0 0 0 2 0 0 0 0 5 0 0 0 0 1 1 0
0 0 2 0 0 0 0 2 0 5 0 0 0 0 0 2
0 1 0 0 0 3 0 0 0 5 5 2 2 0 0 0
0 0 0 0 0 0 0 0 4 0 0 5 0 0 0 0
0 0 0 0 0 0 0 0 0 0 0 4 5 0 0 3
0 0 0 0 0 0 0 0 0 0 0 0 0 5 0 0
0 2 0 5 0 0 0 0 5 0 0 1 0 0 5 0
0 1 0 0 5 0 0 2 0 0 1 0 0 0 0 5
5 0 0 0 0 0 0 0 0 0 0 4 1 0 0 0
5 5 3 0 0 0 0 5 0 0 0 0 0 0 0 0
0 0 5 0 0 2 0 0 5 2 4 0 0 0 0 4
0 0 0 5 0 0 0 0 0 0 0 0 0 0 0 0
0 0 0 0 5 0 0 0 0 0 0 0 0 0 0 0
0 0 0 0 0 5 0 0 0 0 0 0 0 0 0 0
0 0 0 0 0 0 5 0 0 0 0 0 0 0 0 0
0 0 0 0 0 0 1 5 0 4 4 0 0 0 0 0
0 0 0 0 0 0 0 0 5 0 0 0 0 0 0 0
0 0 0 0 0 0 0 0 0 5 0 0 0 0 0 0
1 0 0 0 4 0 0 0 0 0 5 0 0 0 0 5
0 0 0 0 0 0 0 0 0 0 0 5 0 0 0 0
0 0 0 0 0 0 0 0 1 0 0 0 5 0 0 0
0 0 0 0 0 0 0 0 0 0 0 0 0 5 0 0
0 0 0 0 0 0 0 0 0 0 0 4 1 5 5 0
0 0 0 0 5 0 0 0 0 0 0 0 0 5 0 5
5 0 0 0 0 0 0 0 0 0 2 0 0 0 0 2
0 5 0 0 0 0 0 0 0 0 0 0 0 0 0 0
0 0 5 0 0 0 4 0 4 0 0 3 0 0 5 0
0 0 0 5 0 0 0 0 0 3 0 0 0 0 0 0
0 0 0 0 5 0 0 0 3 1 0 4 0 0 0 1
0 0 0 0 0 5 0 0 0 0 0 0 0 0 0 0
0 0 0 0 0 0 5 0 0 0 0 0 0 0 0 0
0 0 1 0 4 0 0 5 4 0 0 0 4 0 0 3
0 0 0 0 0 0 0 5 5 3 0 3 0 0 2 0
0 0 0 0 0 0 0 0 0 5 0 0 0 0 0 0
0 0 0 0 0 0 0 0 0 0 5 0 0 0 0 0
0 0 0 5 0 3 0 1 0 0 0 5 0 0 0 0
0 0 0 0 0 0 1 1 0 0 0 0 5 0 0 0
0 0 0 0 0 0 0 0 0 0 0 0 0 5 0 0
0 0 3 0 0 0 0 4 0 0 0 0 0 0 5 0
0 0 0 0 0 0 0 0 0 0 4 0 0 4 0 5
5 0 0 0 0 0 0 0 0 0 1 0 4 0 0 0
0 5 0 0 0 0 0 0 0 4 0 0 3 0 5 0
0 0 5 0 0 0 0 0 0 0 0 0 0 0 0 0
0 0 0 5 1 0 0 0 0 4 0 1 0 0 0 0
5 0 0 0 5 0 0 0 0 0 0 1 0 1 0 0
2 0 1 0 0 5 2 0 0 4 0 0 0 0 0 0
0 0 0 0 0 0 5 0 0 0 0 0 0 0 0 0
0 0 0 0 0 0 0 5 0 0 0 0 0 0 0 0
0 0 0 0 0 0 0 0 5 0 0 0 0 0 0 0
0 0 0 0 0 0 0 0 0 5 0 0 0 0 0 0
0 0 0 0 0 0 0 0 3 0 5 5 0 0 0 0
0 0 0 2 0 0 0 1 4 0 4 5 3 0 0 0
0 0 5 0 0 3 0 0 3 0 0 0 5 0 0 0
0 0 0 0 4 0 0 0 0 0 0 5 0 5 0 0
0 0 0 0 0 0 0 2 0 1 0 4 0 0 5 0
0 0 0 0 0 0 0 0 0 0 0 0 0 0 0 5

5 6 6 6 6 6 7 6 9 3 5 7 4 6 6 7 8 5 5 6 9 6 10 6 4 5 10 8 5 6 8 6
6 5 7 7 4 6 2 6 3 5 4 4 5 8 9 4 8 9 4 6 6 7 2 9 6 3 4 4 6 6 4 8
8 5 9 7 9 11 9 7 10 12 10 6 7 10 5 10 8 10 11 9 5 8 7 5 8 7 5 6 5 7 9 10
5 8 3 8 4 9 6 5 6 6 9 7 7 6 9 2 4 7 8 7 5 11 3 6 8 5 8 8 9 10 10 7
6 3 8 7 7 9 9 7 6 6 8 6 10 9 8 9 7 7 8 5 7 7 7 9 10 9 10 0 6 5 5 6
8 11 10 7 6 5 8 9 7 8 3 6 6 7 10 6 6 6 4 6 5 6 7 9 8 7 8 4 7 4 3 11
8 7 9 10 7 12 9 7 10 6 4 10 7 9 10 8 10 10 11 7 10 8 10 7 8 10 8 7 7 7 7 6
9 10 10 6 5 4 4 6 5 6 7 7 7 8 8 7 9 7 10 5 7 8 5 8 5 5 5 8 7 9 8 6
5 5 6 4 11 8 7 6 7 5 7 7 8 6 8 11 7 6 7 8 5 5 7 7 7 8 5 7 4 12 7 8
13 11 7 9 8 9 10 10 8 11 7 9 8 8 9 11 13 11 9 8 8 9 10 7 7 9 8 9 9 7 12 13
7 6 5 9 8 4 7 7 5 7 8 6 8 6 6 7 7 4 6 8 10 4 9 7 5 7 6 5 8 5 6 4
13 11 8 9 10 9 8 8 14 9 9 7 10 7 7 8 7 10 5 12 10 10 8 5 6 7 9 8 7 8 7 10
7 3 3 5 9 4 5 4 2 7 5 5 4 4 1 4 7 5 4 5 6 3 6 5 6 2 4 4 6 9 5 5
7 8 9 5 5 5 7 8 8 5 5 8 7 9 8 9 6 6 9 8 6 5 6 9 8 7 7 5 9 11 7 8
4 4 3 2 4 4 4 4 1 2 4 4 5 5 4 3 5 5 4 5 5 3 3 6 2 6 2 6 5 3 7 7
9 9 7 7 8 4 5 5 2 4 10 8 6 7 8 9 5 8 10 7 8 12 9 6 9 7 4 10 6 4 11 10
