64
2
32
4
5

0 32
0 32
0 32
0 32
0 32
0 32
0 32
0 32
0 32
0 32
0 32
0 32
0 32
0 32
0 32
0 32
0 32
0 32
0 32
0 32
0 32
0 32
0 32
0 32
0 32
0 32
0 32
0 32
0 32
0 32
0 32
0 32
0 32
0 32
0 32
0 32
0 32
0 32
0 32
0 32
0 32
0 32
0 32
0 32
0 32
0 32
0 32
0 32
0 32
0 32
0 32
0 32
0 32
0 32
0 32
0 32
0 32
0 32
0 32
0 32
0 32
0 32
0 32
0 32

0 32
0 32
0 32
0 32
0 32
0 32
0 32
0 32
0 32
0 32
0 32
0 32
0 32
0 32
0 32
0 32
0 32
0 32
0 32
0 32
0 32
0 32
0 32
0 32
0 32
0 32
0 32
0 32
0 32
0 32
0 32
0 32
0 32
0 32
0 32
0 32
0 32
0 32
0 32
0 32
0 32
0 32
0 32
0 32
0 32
0 32
0 32
0 32
0 32
0 32
0 32
0 32
0 32
0 32
0 32
0 32
0 32
0 32
0 32
0 32
0 32
0 32
0 32
0 32

16 32
16 32
16 32
16 32
16 32
16 32
16 32
16 32
16 32
16 32
16 32
16 32
16 32
16 32
16 32
16 32
16 32
16 32
16 32
16 32
16 32
16 32
16 32
16 32
16 32
16 32
16 32
16 32
16 32
16 32
16 32
16 32
16 32
16 32
16 32
16 32
16 32
16 32
16 32
16 32
16 32
16 32
16 32
16 32
16 32
16 32
16 32
16 32
16 32
16 32
16 32
16 32
16 32
16 32
16 32
16 32
16 32
16 32
16 32
16 32
16 32
16 32
16 32
16 32

5 5
4 5
5 5
0 5
5 1
0 5
5 0
5 5
5 0
0 5
5 0
0 5
5 0
2 5
5 0
0 5
5 4
0 5
5 0
0 5
5 2
0 5
5 5
1 5
5 0
0 5
5 5
5 5
5 4
0 5
5 0
0 5
5 4
3 5
5 4
0 5
5 0
4 5
5 0
5 5
5 4
0 5
5 1
2 5
5 0
2 5
5 1
0 5
5 0
2 5
5 5
0 5
5 3
0 5
5 4
1 5
5 0
0 5
5 2
3 5
5 2
0 5
5 3
0 5

28 28 22 27 24 26 21 23 22 24 23 19 18 25 22 19 24 25 27 27 22 23 24 25 28 25 27 20 27 22 28 31
35 33 32 27 29 32 34 25 28 22 29 27 26 22 27 32 32 31 26 25 31 30 32 22 26 26 27 31 28 32 29 33
