64
2
32
4
5

0 32
0 32
0 32
0 32
0 32
0 32
0 32
0 32
0 32
0 32
0 32
0 32
0 32
0 32
0 32
0 32
0 32
0 32
0 32
0 32
0 32
0 32
0 32
0 32
0 32
0 32
0 32
0 32
0 32
0 32
0 32
0 32
0 32
0 32
0 32
0 32
0 32
0 32
0 32
0 32
0 32
0 32
0 32
0 32
0 32
0 32
0 32
0 32
0 32
0 32
0 32
0 32
0 32
0 32
0 32
0 32
0 32
0 32
0 32
0 32
0 32
0 32
0 32
0 32

0 32
0 32
0 32
0 32
0 32
0 32
0 32
0 32
0 32
0 32
0 32
0 32
0 32
0 32
0 32
0 32
0 32
0 32
0 32
0 32
0 32
0 32
0 32
0 32
0 32
0 32
0 32
0 32
0 32
0 32
0 32
0 32
0 32
0 32
0 32
0 32
0 32
0 32
0 32
0 32
0 32
0 32
0 32
0 32
0 32
0 32
0 32
0 32
0 32
0 32
0 32
0 32
0 32
0 32
0 32
0 32
0 32
0 32
0 32
0 32
0 32
0 32
0 32
0 32

16 32
16 32
16 32
16 32
16 32
16 32
16 32
16 32
16 32
16 32
16 32
16 32
16 32
16 32
16 32
16 32
16 32
16 32
16 32
16 32
16 32
16 32
16 32
16 32
16 32
16 32
16 32
16 32
16 32
16 32
16 32
16 32
16 32
16 32
16 32
16 32
16 32
16 32
16 32
16 32
16 32
16 32
16 32
16 32
16 32
16 32
16 32
16 32
16 32
16 32
16 32
16 32
16 32
16 32
16 32
16 32
16 32
16 32
16 32
16 32
16 32
16 32
16 32
16 32

5 2
0 5
5 2
0 5
5 3
5 5
5 0
2 5
5 0
2 5
5 0
3 5
5 1
3 5
5 0
0 5
5 0
4 5
5 2
2 5
5 0
4 5
5 0
4 5
5 0
2 5
5 0
0 5
5 1
5 5
5 2
1 5
5 0
0 5
5 2
1 5
5 4
2 5
5 5
4 5
5 4
2 5
5 5
3 5
5 2
1 5
5 0
0 5
5 3
0 5
5 3
0 5
5 0
5 5
5 3
1 5
5 5
0 5
5 5
1 5
5 4
0 5
5 0
0 5

31 33 26 26 19 35 31 28 31 24 29 31 20 24 31 27 32 28 27 28 32 30 34 30 28 28 27 35 22 30 36 30
33 28 34 29 31 20 20 25 24 26 26 23 28 23 24 29 24 24 23 19 19 22 20 27 31 30 29 20 34 24 25 30
