128
16
32
4
5

0 32
0 32
0 32
0 32
0 32
0 32
0 32
0 32
0 32
0 32
0 32
0 32
0 32
0 32
0 32
0 32
0 32
0 32
0 32
0 32
0 32
0 32
0 32
0 32
0 32
0 32
0 32
0 32
0 32
0 32
0 32
0 32
0 32
0 32
0 32
0 32
0 32
0 32
0 32
0 32
0 32
0 32
0 32
0 32
0 32
0 32
0 32
0 32
0 32
0 32
0 32
0 32
0 32
0 32
0 32
0 32
0 32
0 32
0 32
0 32
0 32
0 32
0 32
0 32
0 32
0 32
0 32
0 32
0 32
0 32
0 32
0 32
0 32
0 32
0 32
0 32
0 32
0 32
0 32
0 32
0 32
0 32
0 32
0 32
0 32
0 32
0 32
0 32
0 32
0 32
0 32
0 32
0 32
0 32
0 32
0 32
0 32
0 32
0 32
0 32
0 32
0 32
0 32
0 32
0 32
0 32
0 32
0 32
0 32
0 32
0 32
0 32
0 32
0 32
0 32
0 32
0 32
0 32
0 32
0 32
0 32
0 32
0 32
0 32
0 32
0 32
0 32
0 32

0 32
0 32
0 32
0 32
0 32
0 32
0 32
0 32
0 32
0 32
0 32
0 32
0 32
0 32
0 32
0 32
0 32
0 32
0 32
0 32
0 32
0 32
0 32
0 32
0 32
0 32
0 32
0 32
0 32
0 32
0 32
0 32
0 32
0 32
0 32
0 32
0 32
0 32
0 32
0 32
0 32
0 32
0 32
0 32
0 32
0 32
0 32
0 32
0 32
0 32
0 32
0 32
0 32
0 32
0 32
0 32
0 32
0 32
0 32
0 32
0 32
0 32
0 32
0 32
0 32
0 32
0 32
0 32
0 32
0 32
0 32
0 32
0 32
0 32
0 32
0 32
0 32
0 32
0 32
0 32
0 32
0 32
0 32
0 32
0 32
0 32
0 32
0 32
0 32
0 32
0 32
0 32
0 32
0 32
0 32
0 32
0 32
0 32
0 32
0 32
0 32
0 32
0 32
0 32
0 32
0 32
0 32
0 32
0 32
0 32
0 32
0 32
0 32
0 32
0 32
0 32
0 32
0 32
0 32
0 32
0 32
0 32
0 32
0 32
0 32
0 32
0 32
0 32

16 32
16 32
16 32
16 32
16 32
16 32
16 32
16 32
16 32
16 32
16 32
16 32
16 32
16 32
16 32
16 32
16 32
16 32
16 32
16 32
16 32
16 32
16 32
16 32
16 32
16 32
16 32
16 32
16 32
16 32
16 32
16 32
16 32
16 32
16 32
16 32
16 32
16 32
16 32
16 32
16 32
16 32
16 32
16 32
16 32
16 32
16 32
16 32
16 32
16 32
16 32
16 32
16 32
16 32
16 32
16 32
16 32
16 32
16 32
16 32
16 32
16 32
16 32
16 32
16 32
16 32
16 32
16 32
16 32
16 32
16 32
16 32
16 32
16 32
16 32
16 32
16 32
16 32
16 32
16 32
16 32
16 32
16 32
16 32
16 32
16 32
16 32
16 32
16 32
16 32
16 32
16 32
16 32
16 32
16 32
16 32
16 32
16 32
16 32
16 32
16 32
16 32
16 32
16 32
16 32
16 32
16 32
16 32
16 32
16 32
16 32
16 32
16 32
16 32
16 32
16 32
16 32
16 32
16 32
16 32
16 32
16 32
16 32
16 32
16 32
16 32
16 32
16 32

5 0 0 0 3 0 0 0 0 1 0 0 0 0 0 0
3 5 0 0 0 0 0 0 0 3 3 0 2 0 0 0
0 0 5 0 0 0 3 1 0 0 0 0 0 0 0 0
1 4 4 5 0 0 0 0 0 3 0 5 0 0 0 0
0 0 0 0 5 0 0 0 0 4 0 0 2 0 0 0
0 0 0 0 0 5 0 0 0 0 0 0 0 0 0 0
0 0 0 0 1 0 5 0 0 0 0 2 5 0 0 0
0 0 0 0 0 0 0 5 0 0 0 0 0 0 0 0
0 0 0 0 0 0 0 0 5 0 0 0 0 0 0 0
0 0 0 0 0 0 0 0 0 5 0 0 0 0 0 0
0 0 0 0 0 3 0 0 5 0 5 0 2 0 0 0
0 0 0 0 0 0 0 0 0 0 0 5 0 0 0 0
0 0 0 0 0 5 3 0 0 0 0 0 5 2 2 0
0 3 0 3 0 0 0 0 0 0 0 0 5 5 0 0
4 0 0 0 0 0 0 0 0 0 0 4 0 0 5 0
0 0 0 3 0 0 0 4 0 2 0 0 0 1 4 5
5 5 0 0 0 0 0 0 0 0 0 0 0 4 0 0
0 5 0 0 0 0 0 0 0 0 0 0 0 0 0 0
0 0 5 0 0 0 0 5 2 0 0 0 1 0 0 0
3 0 0 5 0 0 0 0 0 0 1 0 0 0 0 0
0 0 0 0 5 0 0 0 0 0 0 0 0 0 0 0
0 0 0 0 0 5 0 0 0 0 0 0 0 0 0 0
0 0 0 0 0 0 5 0 0 0 0 0 0 0 0 0
0 0 5 0 0 0 0 5 0 3 1 0 0 0 0 0
0 0 1 0 0 0 0 0 5 0 0 0 0 5 0 0
0 0 0 0 0 5 0 0 0 5 5 0 0 0 0 0
0 0 0 0 0 0 0 0 0 0 5 0 0 0 3 0
0 0 0 0 0 0 0 0 0 0 2 5 0 0 0 0
0 0 0 0 0 0 0 5 0 0 3 0 5 0 0 0
0 0 0 0 0 0 0 0 0 0 0 0 0 5 0 0
0 5 0 0 0 0 0 4 0 0 4 3 0 0 5 0
0 0 0 0 0 0 0 0 0 0 0 0 0 0 0 5
5 5 0 0 0 4 0 0 0 0 0 0 1 0 0 0
0 5 0 0 2 4 0 0 0 0 0 2 0 0 0 0
0 0 5 0 0 0 0 0 0 5 0 3 0 0 0 0
4 0 0 5 0 0 0 0 1 0 0 4 3 0 0 0
0 0 0 0 5 0 0 0 0 0 0 0 0 0 0 0
1 1 0 0 0 5 0 0 0 0 0 0 0 0 1 0
0 4 1 0 0 0 5 0 0 2 0 0 0 0 0 0
0 5 5 5 0 0 0 5 0 0 0 0 0 0 0 3
0 0 0 0 0 0 0 0 5 0 0 0 0 0 0 0
4 0 0 0 0 0 0 0 0 5 0 0 0 1 0 0
0 0 0 0 0 0 0 0 3 0 5 4 0 0 0 0
0 0 3 3 0 2 0 0 0 0 0 5 0 0 0 0
0 0 0 0 0 0 0 1 0 3 0 0 5 0 0 0
0 0 1 4 0 0 0 0 2 0 0 0 0 5 0 0
0 0 0 0 0 0 0 0 0 4 0 0 0 0 5 0
0 0 0 0 0 4 0 0 0 5 0 0 0 0 2 5
5 0 0 4 1 0 0 0 0 0 0 0 0 5 0 0
0 5 0 0 0 0 0 0 0 0 0 0 0 0 0 0
0 0 5 0 0 2 0 0 0 0 1 0 0 0 0 0
0 0 0 5 5 0 4 0 0 0 0 2 0 0 3 0
0 0 0 0 5 0 0 0 0 0 0 0 0 0 0 0
0 0 0 0 0 5 0 0 0 0 0 0 0 0 0 0
2 0 0 0 0 0 5 0 0 4 0 0 0 0 0 0
0 0 0 0 0 0 0 5 0 0 0 0 0 0 0 0
0 4 0 1 0 2 0 0 5 0 3 0 0 0 0 0
0 0 0 0 0 0 0 0 0 5 0 0 0 0 0 0
3 0 0 0 0 5 0 0 0 0 5 0 0 0 0 0
0 0 0 4 0 3 0 5 0 0 0 5 0 0 0 0
0 0 0 0 0 4 0 0 0 0 1 0 5 0 0 1
0 0 0 0 0 0 0 3 0 2 4 0 0 5 0 0
1 0 1 0 0 0 0 0 0 0 0 0 0 0 5 0
0 5 0 0 0 0 3 0 0 0 0 0 0 2 3 5
5 0 2 4 0 0 0 0 0 2 0 3 0 0 1 0
1 5 3 0 0 0 0 0 0 0 0 0 0 4 1 5
0 0 5 0 0 0 0 0 0 0 0 0 0 0 0 0
0 0 1 5 0 0 0 0 0 0 2 0 0 0 0 5
0 5 0 0 5 5 0 0 2 0 0 0 2 0 2 0
2 0 5 0 4 5 0 0 0 0 0 1 0 0 0 0
4 0 0 0 0 0 5 0 0 0 0 1 0 0 0 0
0 4 4 0 0 5 0 5 0 0 0 0 0 0 0 0
0 0 0 0 0 0 0 0 5 0 0 0 0 0 0 0
0 0 0 0 0 0 0 0 0 5 0 0 0 0 0 0
0 0 3 0 0 3 2 5 0 0 5 0 2 0 0 0
0 0 2 0 0 0 0 0 3 0 0 5 0 0 0 0
0 0 0 0 4 0 0 0 0 0 0 0 5 0 5 4
5 0 0 0 0 0 0 0 0 0 0 5 5 5 0 0
0 0 0 0 0 0 0 0 0 0 0 0 0 0 5 0
0 5 0 0 0 4 0 0 0 0 0 0 0 0 0 5
5 0 0 0 0 0 0 0 0 0 0 0 0 0 0 0
0 5 1 0 0 5 0 0 2 0 1 0 0 0 0 0
0 0 5 4 0 0 0 0 0 5 0 0 0 0 0 5
0 0 0 5 0 0 0 0 0 0 0 0 0 0 0 0
0 0 0 0 5 0 0 0 0 0 0 2 0 0 0 0
0 0 0 1 0 5 3 0 0 0 0 0 0 0 0 3
0 0 0 0 0 0 5 0 0 0 0 0 0 0 0 0
0 0 0 0 0 1 0 5 0 0 0 5 0 0 0 1
0 0 0 0 0 0 0 0 5 2 0 0 5 0 0 0
0 1 0 5 0 0 0 0 0 5 0 1 0 0 0 2
3 5 0 4 0 0 0 0 0 0 5 0 0 2 4 0
0 0 0 0 0 0 0 0 0 0 0 5 0 0 0 0
2 0 0 0 0 0 0 0 0 0 2 0 5 0 1 0
0 0 0 0 0 0 0 0 0 0 0 0 0 5 0 0
0 2 0 3 0 0 0 0 0 0 0 3 0 0 5 0
0 0 0 0 0 0 0 2 0 4 0 0 0 0 0 5
5 0 0 0 0 0 0 0 0 0 0 0 0 0 0 0
0 5 0 0 0 0 3 3 0 0 0 5 3 0 0 0
0 0 5 1 0 0 1 0 0 1 0 0 0 0 0 5
0 0 0 5 0 0 0 0 0 0 0 0 0 0 0 0
0 0 0 0 5 0 2 5 5 5 0 0 4 0 0 0
0 0 0 0 3 5 3 0 0 0 3 0 0 3 0 0
0 0 0 0 0 0 5 1 0 5 0 2 3 0 0 0
0 0 0 0 0 0 0 5 0 0 4 0 0 0 2 0
3 0 0 3 0 2 0 0 5 2 0 0 0 0 0 0
0 0 0 0 0 0 0 0 3 5 0 5 0 4 0 0
0 0 0 0 1 2 0 0 0 0 5 3 2 0 0 0
2 0 5 0 0 0 0 0 0 0 0 5 0 0 0 0
0 0 0 0 0 0 0 0 0 0 0 0 5 0 0 0
0 0 0 0 0 0 0 0 0 0 0 0 0 5 0 0
0 0 0 0 2 0 0 0 0 0 5 0 0 0 5 0
3 0 0 0 0 0 0 0 5 0 0 3 0 4 4 5
5 0 0 1 0 0 0 0 1 0 0 0 0 0 3 0
0 5 2 0 0 0 5 0 0 0 0 0 0 0 0 0
0 3 5 0 0 0 0 1 0 0 0 0 0 0 0 0
0 0 0 5 0 0 0 0 0 0 0 0 0 0 0 0
0 0 0 0 5 2 0 1 0 3 0 0 0 4 0 0
0 0 0 2 2 5 1 0 0 1 0 0 0 0 0 0
0 0 0 4 0 0 5 0 0 5 0 0 0 0 0 0
0 0 0 0 0 0 0 5 0 0 0 0 0 0 0 0
0 0 0 0 1 5 0 0 5 0 0 0 0 0 0 0
0 0 1 5 0 0 0 0 0 5 0 0 0 0 5 0
0 0 2 0 0 0 5 0 0 0 5 0 0 1 0 0
0 0 0 2 5 0 0 5 0 0 0 5 0 0 0 0
0 0 0 0 0 0 0 0 0 0 0 0 5 0 0 0
0 0 0 0 0 0 0 0 0 0 0 0 0 5 0 0
0 0 0 0 0 0 0 0 0 0 0 0 0 0 5 0
0 0 0 0 1 0 0 0 0 0 0 0 0 4 4 5

5 7 5 8 6 13 7 9 4 11 5 9 11 5 5 11 11 4 6 6 7 9 8 6 8 8 6 10 9 5 7 7
8 5 8 4 5 6 7 6 5 4 8 5 5 10 8 2 6 7 3 4 3 5 5 7 4 8 8 9 5 1 5 7
12 9 9 8 6 9 5 4 8 9 6 8 7 8 6 6 9 9 6 10 5 6 5 9 8 7 3 4 5 8 9 7
9 7 11 11 8 6 8 8 6 13 7 9 4 8 9 5 7 6 10 7 6 7 9 8 5 5 7 10 9 7 9 9
4 9 6 6 6 5 8 7 5 9 7 8 9 10 8 7 7 9 8 8 5 7 7 5 6 6 4 5 5 9 6 9
8 7 3 5 5 7 10 5 7 10 7 9 7 6 7 8 8 9 6 9 10 7 6 12 11 11 9 4 14 11 12 12
6 5 6 3 5 11 3 9 8 5 5 2 5 4 2 7 8 7 7 7 7 4 7 7 5 4 6 4 9 5 5 7
6 7 8 11 5 6 5 7 6 4 3 11 9 6 6 8 8 9 7 9 5 5 7 7 9 9 6 5 8 8 11 8
10 11 5 7 9 5 5 7 5 5 5 5 4 6 8 12 5 5 7 4 5 7 6 8 7 6 5 5 4 5 6 6
4 7 8 8 16 7 13 5 7 7 7 8 9 6 7 8 8 10 14 7 9 6 11 8 10 11 11 10 10 15 12 13
7 7 6 2 8 11 4 9 9 5 8 5 5 6 7 5 0 10 6 7 8 5 9 1 2 9 10 8 5 7 5 4
10 7 3 7 7 8 9 5 6 5 4 7 9 9 9 7 7 2 11 4 7 10 6 8 8 4 9 10 10 11 7 7
6 5 8 5 6 6 11 6 5 6 11 5 4 5 5 7 7 7 6 7 6 8 3 3 5 7 4 8 5 7 11 5
10 6 9 3 6 4 7 9 9 5 6 5 3 5 7 8 6 8 6 8 12 6 8 8 9 9 8 7 9 9 9 11
10 4 9 10 8 7 10 9 10 7 7 7 6 7 4 4 6 4 5 6 9 8 7 10 10 7 8 5 4 6 7 11
5 7 6 8 2 5 3 2 6 1 5 3 6 6 4 4 6 6 4 3 3 4 4 4 4 2 2 3 4 4 3 3
