64
2
32
4
5

0 32
0 32
0 32
0 32
0 32
0 32
0 32
0 32
0 32
0 32
0 32
0 32
0 32
0 32
0 32
0 32
0 32
0 32
0 32
0 32
0 32
0 32
0 32
0 32
0 32
0 32
0 32
0 32
0 32
0 32
0 32
0 32
0 32
0 32
0 32
0 32
0 32
0 32
0 32
0 32
0 32
0 32
0 32
0 32
0 32
0 32
0 32
0 32
0 32
0 32
0 32
0 32
0 32
0 32
0 32
0 32
0 32
0 32
0 32
0 32
0 32
0 32
0 32
0 32

0 32
0 32
0 32
0 32
0 32
0 32
0 32
0 32
0 32
0 32
0 32
0 32
0 32
0 32
0 32
0 32
0 32
0 32
0 32
0 32
0 32
0 32
0 32
0 32
0 32
0 32
0 32
0 32
0 32
0 32
0 32
0 32
0 32
0 32
0 32
0 32
0 32
0 32
0 32
0 32
0 32
0 32
0 32
0 32
0 32
0 32
0 32
0 32
0 32
0 32
0 32
0 32
0 32
0 32
0 32
0 32
0 32
0 32
0 32
0 32
0 32
0 32
0 32
0 32

16 32
16 32
16 32
16 32
16 32
16 32
16 32
16 32
16 32
16 32
16 32
16 32
16 32
16 32
16 32
16 32
16 32
16 32
16 32
16 32
16 32
16 32
16 32
16 32
16 32
16 32
16 32
16 32
16 32
16 32
16 32
16 32
16 32
16 32
16 32
16 32
16 32
16 32
16 32
16 32
16 32
16 32
16 32
16 32
16 32
16 32
16 32
16 32
16 32
16 32
16 32
16 32
16 32
16 32
16 32
16 32
16 32
16 32
16 32
16 32
16 32
16 32
16 32
16 32

5 0
0 5
5 4
4 5
5 5
1 5
5 3
1 5
5 0
2 5
5 0
5 5
5 1
0 5
5 2
0 5
5 5
0 5
5 1
0 5
5 4
0 5
5 0
1 5
5 2
5 5
5 0
0 5
5 0
0 5
5 0
0 5
5 3
0 5
5 2
5 5
5 4
0 5
5 0
0 5
5 0
4 5
5 0
2 5
5 1
2 5
5 0
5 5
5 0
3 5
5 0
5 5
5 0
3 5
5 5
3 5
5 0
5 5
5 1
0 5
5 2
0 5
5 5
3 5

27 34 27 24 25 30 27 27 27 31 27 24 25 24 26 26 29 20 24 30 25 30 31 27 30 32 29 31 27 22 27 31
33 25 29 32 29 27 30 27 25 26 23 26 20 22 26 27 20 27 25 24 27 25 23 28 31 26 30 21 25 31 29 33
