64
2
32
4
5

0 32
0 32
0 32
0 32
0 32
0 32
0 32
0 32
0 32
0 32
0 32
0 32
0 32
0 32
0 32
0 32
0 32
0 32
0 32
0 32
0 32
0 32
0 32
0 32
0 32
0 32
0 32
0 32
0 32
0 32
0 32
0 32
0 32
0 32
0 32
0 32
0 32
0 32
0 32
0 32
0 32
0 32
0 32
0 32
0 32
0 32
0 32
0 32
0 32
0 32
0 32
0 32
0 32
0 32
0 32
0 32
0 32
0 32
0 32
0 32
0 32
0 32
0 32
0 32

0 32
0 32
0 32
0 32
0 32
0 32
0 32
0 32
0 32
0 32
0 32
0 32
0 32
0 32
0 32
0 32
0 32
0 32
0 32
0 32
0 32
0 32
0 32
0 32
0 32
0 32
0 32
0 32
0 32
0 32
0 32
0 32
0 32
0 32
0 32
0 32
0 32
0 32
0 32
0 32
0 32
0 32
0 32
0 32
0 32
0 32
0 32
0 32
0 32
0 32
0 32
0 32
0 32
0 32
0 32
0 32
0 32
0 32
0 32
0 32
0 32
0 32
0 32
0 32

16 32
16 32
16 32
16 32
16 32
16 32
16 32
16 32
16 32
16 32
16 32
16 32
16 32
16 32
16 32
16 32
16 32
16 32
16 32
16 32
16 32
16 32
16 32
16 32
16 32
16 32
16 32
16 32
16 32
16 32
16 32
16 32
16 32
16 32
16 32
16 32
16 32
16 32
16 32
16 32
16 32
16 32
16 32
16 32
16 32
16 32
16 32
16 32
16 32
16 32
16 32
16 32
16 32
16 32
16 32
16 32
16 32
16 32
16 32
16 32
16 32
16 32
16 32
16 32

5 2
3 5
5 0
1 5
5 1
0 5
5 3
2 5
5 4
0 5
5 1
0 5
5 0
3 5
5 1
0 5
5 3
5 5
5 3
3 5
5 5
0 5
5 0
3 5
5 5
3 5
5 4
0 5
5 1
0 5
5 2
1 5
5 1
0 5
5 3
3 5
5 0
0 5
5 0
0 5
5 4
0 5
5 1
0 5
5 3
4 5
5 5
0 5
5 2
5 5
5 0
1 5
5 3
5 5
5 2
0 5
5 5
5 5
5 2
0 5
5 5
0 5
5 0
0 5

22 24 23 20 21 25 20 19 19 27 27 21 20 25 25 27 22 23 18 23 23 22 27 24 30 23 24 25 30 29 30 28
38 29 34 33 31 31 33 34 37 25 29 31 31 27 28 30 33 32 34 27 28 32 29 33 29 33 34 30 27 31 33 36
