64
2
32
4
5

0 32
0 32
0 32
0 32
0 32
0 32
0 32
0 32
0 32
0 32
0 32
0 32
0 32
0 32
0 32
0 32
0 32
0 32
0 32
0 32
0 32
0 32
0 32
0 32
0 32
0 32
0 32
0 32
0 32
0 32
0 32
0 32
0 32
0 32
0 32
0 32
0 32
0 32
0 32
0 32
0 32
0 32
0 32
0 32
0 32
0 32
0 32
0 32
0 32
0 32
0 32
0 32
0 32
0 32
0 32
0 32
0 32
0 32
0 32
0 32
0 32
0 32
0 32
0 32

0 32
0 32
0 32
0 32
0 32
0 32
0 32
0 32
0 32
0 32
0 32
0 32
0 32
0 32
0 32
0 32
0 32
0 32
0 32
0 32
0 32
0 32
0 32
0 32
0 32
0 32
0 32
0 32
0 32
0 32
0 32
0 32
0 32
0 32
0 32
0 32
0 32
0 32
0 32
0 32
0 32
0 32
0 32
0 32
0 32
0 32
0 32
0 32
0 32
0 32
0 32
0 32
0 32
0 32
0 32
0 32
0 32
0 32
0 32
0 32
0 32
0 32
0 32
0 32

16 32
16 32
16 32
16 32
16 32
16 32
16 32
16 32
16 32
16 32
16 32
16 32
16 32
16 32
16 32
16 32
16 32
16 32
16 32
16 32
16 32
16 32
16 32
16 32
16 32
16 32
16 32
16 32
16 32
16 32
16 32
16 32
16 32
16 32
16 32
16 32
16 32
16 32
16 32
16 32
16 32
16 32
16 32
16 32
16 32
16 32
16 32
16 32
16 32
16 32
16 32
16 32
16 32
16 32
16 32
16 32
16 32
16 32
16 32
16 32
16 32
16 32
16 32
16 32

5 0
4 5
5 0
4 5
5 3
1 5
5 0
1 5
5 4
2 5
5 5
1 5
5 0
0 5
5 3
2 5
5 0
0 5
5 4
0 5
5 0
0 5
5 0
0 5
5 0
0 5
5 1
4 5
5 1
1 5
5 0
0 5
5 2
4 5
5 1
5 5
5 5
0 5
5 0
0 5
5 2
2 5
5 0
2 5
5 5
3 5
5 0
4 5
5 3
0 5
5 1
0 5
5 2
0 5
5 0
4 5
5 2
1 5
5 3
0 5
5 1
1 5
5 1
1 5

28 26 22 28 25 22 28 27 29 31 24 27 31 23 24 24 26 28 26 29 27 30 29 27 24 27 28 27 32 36 29 31
29 31 27 23 24 31 22 28 26 20 27 26 18 27 22 20 20 24 26 28 31 25 25 26 26 22 26 26 29 24 30 29
