64
2
32
4
5

0 32
0 32
0 32
0 32
0 32
0 32
0 32
0 32
0 32
0 32
0 32
0 32
0 32
0 32
0 32
0 32
0 32
0 32
0 32
0 32
0 32
0 32
0 32
0 32
0 32
0 32
0 32
0 32
0 32
0 32
0 32
0 32
0 32
0 32
0 32
0 32
0 32
0 32
0 32
0 32
0 32
0 32
0 32
0 32
0 32
0 32
0 32
0 32
0 32
0 32
0 32
0 32
0 32
0 32
0 32
0 32
0 32
0 32
0 32
0 32
0 32
0 32
0 32
0 32

0 32
0 32
0 32
0 32
0 32
0 32
0 32
0 32
0 32
0 32
0 32
0 32
0 32
0 32
0 32
0 32
0 32
0 32
0 32
0 32
0 32
0 32
0 32
0 32
0 32
0 32
0 32
0 32
0 32
0 32
0 32
0 32
0 32
0 32
0 32
0 32
0 32
0 32
0 32
0 32
0 32
0 32
0 32
0 32
0 32
0 32
0 32
0 32
0 32
0 32
0 32
0 32
0 32
0 32
0 32
0 32
0 32
0 32
0 32
0 32
0 32
0 32
0 32
0 32

16 32
16 32
16 32
16 32
16 32
16 32
16 32
16 32
16 32
16 32
16 32
16 32
16 32
16 32
16 32
16 32
16 32
16 32
16 32
16 32
16 32
16 32
16 32
16 32
16 32
16 32
16 32
16 32
16 32
16 32
16 32
16 32
16 32
16 32
16 32
16 32
16 32
16 32
16 32
16 32
16 32
16 32
16 32
16 32
16 32
16 32
16 32
16 32
16 32
16 32
16 32
16 32
16 32
16 32
16 32
16 32
16 32
16 32
16 32
16 32
16 32
16 32
16 32
16 32

5 3
0 5
5 4
5 5
5 3
5 5
5 0
0 5
5 2
5 5
5 0
2 5
5 0
0 5
5 0
0 5
5 0
1 5
5 0
0 5
5 1
1 5
5 0
4 5
5 0
0 5
5 0
5 5
5 1
1 5
5 0
4 5
5 5
4 5
5 1
0 5
5 4
2 5
5 4
0 5
5 1
0 5
5 0
1 5
5 3
0 5
5 3
2 5
5 0
2 5
5 5
2 5
5 5
5 5
5 3
2 5
5 1
0 5
5 5
0 5
5 3
2 5
5 0
2 5

31 30 25 28 29 27 24 24 26 29 24 31 27 23 22 22 23 26 27 21 26 26 25 24 21 36 23 24 37 26 29 33
25 33 31 31 30 31 33 25 20 24 22 18 23 19 22 23 25 22 27 26 24 23 29 29 30 20 26 26 20 26 30 31
