64
2
32
4
5

0 32
0 32
0 32
0 32
0 32
0 32
0 32
0 32
0 32
0 32
0 32
0 32
0 32
0 32
0 32
0 32
0 32
0 32
0 32
0 32
0 32
0 32
0 32
0 32
0 32
0 32
0 32
0 32
0 32
0 32
0 32
0 32
0 32
0 32
0 32
0 32
0 32
0 32
0 32
0 32
0 32
0 32
0 32
0 32
0 32
0 32
0 32
0 32
0 32
0 32
0 32
0 32
0 32
0 32
0 32
0 32
0 32
0 32
0 32
0 32
0 32
0 32
0 32
0 32

0 32
0 32
0 32
0 32
0 32
0 32
0 32
0 32
0 32
0 32
0 32
0 32
0 32
0 32
0 32
0 32
0 32
0 32
0 32
0 32
0 32
0 32
0 32
0 32
0 32
0 32
0 32
0 32
0 32
0 32
0 32
0 32
0 32
0 32
0 32
0 32
0 32
0 32
0 32
0 32
0 32
0 32
0 32
0 32
0 32
0 32
0 32
0 32
0 32
0 32
0 32
0 32
0 32
0 32
0 32
0 32
0 32
0 32
0 32
0 32
0 32
0 32
0 32
0 32

16 32
16 32
16 32
16 32
16 32
16 32
16 32
16 32
16 32
16 32
16 32
16 32
16 32
16 32
16 32
16 32
16 32
16 32
16 32
16 32
16 32
16 32
16 32
16 32
16 32
16 32
16 32
16 32
16 32
16 32
16 32
16 32
16 32
16 32
16 32
16 32
16 32
16 32
16 32
16 32
16 32
16 32
16 32
16 32
16 32
16 32
16 32
16 32
16 32
16 32
16 32
16 32
16 32
16 32
16 32
16 32
16 32
16 32
16 32
16 32
16 32
16 32
16 32
16 32

5 0
1 5
5 5
0 5
5 0
4 5
5 0
2 5
5 0
0 5
5 5
0 5
5 5
0 5
5 5
4 5
5 0
4 5
5 0
2 5
5 1
2 5
5 0
1 5
5 1
4 5
5 0
0 5
5 0
0 5
5 3
2 5
5 5
0 5
5 1
0 5
5 4
1 5
5 1
5 5
5 3
0 5
5 0
0 5
5 0
0 5
5 4
0 5
5 0
0 5
5 5
0 5
5 0
4 5
5 4
0 5
5 5
0 5
5 4
1 5
5 0
1 5
5 1
3 5

23 28 30 27 25 25 23 29 25 25 25 24 25 21 28 32 29 24 27 22 23 28 29 33 31 26 27 26 28 29 27 28
36 33 29 31 28 30 28 26 31 29 27 29 25 33 23 19 25 27 29 33 32 29 27 23 26 29 28 27 27 29 34 36
