64
2
32
4
5

0 32
0 32
0 32
0 32
0 32
0 32
0 32
0 32
0 32
0 32
0 32
0 32
0 32
0 32
0 32
0 32
0 32
0 32
0 32
0 32
0 32
0 32
0 32
0 32
0 32
0 32
0 32
0 32
0 32
0 32
0 32
0 32
0 32
0 32
0 32
0 32
0 32
0 32
0 32
0 32
0 32
0 32
0 32
0 32
0 32
0 32
0 32
0 32
0 32
0 32
0 32
0 32
0 32
0 32
0 32
0 32
0 32
0 32
0 32
0 32
0 32
0 32
0 32
0 32

0 32
0 32
0 32
0 32
0 32
0 32
0 32
0 32
0 32
0 32
0 32
0 32
0 32
0 32
0 32
0 32
0 32
0 32
0 32
0 32
0 32
0 32
0 32
0 32
0 32
0 32
0 32
0 32
0 32
0 32
0 32
0 32
0 32
0 32
0 32
0 32
0 32
0 32
0 32
0 32
0 32
0 32
0 32
0 32
0 32
0 32
0 32
0 32
0 32
0 32
0 32
0 32
0 32
0 32
0 32
0 32
0 32
0 32
0 32
0 32
0 32
0 32
0 32
0 32

16 32
16 32
16 32
16 32
16 32
16 32
16 32
16 32
16 32
16 32
16 32
16 32
16 32
16 32
16 32
16 32
16 32
16 32
16 32
16 32
16 32
16 32
16 32
16 32
16 32
16 32
16 32
16 32
16 32
16 32
16 32
16 32
16 32
16 32
16 32
16 32
16 32
16 32
16 32
16 32
16 32
16 32
16 32
16 32
16 32
16 32
16 32
16 32
16 32
16 32
16 32
16 32
16 32
16 32
16 32
16 32
16 32
16 32
16 32
16 32
16 32
16 32
16 32
16 32

5 3
0 5
5 0
0 5
5 0
4 5
5 0
0 5
5 0
2 5
5 2
4 5
5 0
0 5
5 0
1 5
5 0
2 5
5 5
0 5
5 4
0 5
5 4
4 5
5 0
1 5
5 0
0 5
5 4
0 5
5 0
0 5
5 0
3 5
5 4
4 5
5 0
0 5
5 0
4 5
5 3
3 5
5 4
1 5
5 3
1 5
5 5
1 5
5 0
0 5
5 5
1 5
5 2
1 5
5 0
4 5
5 5
0 5
5 3
2 5
5 0
0 5
5 2
1 5

31 27 29 27 30 26 28 27 29 27 26 23 25 29 21 30 27 20 25 32 29 27 26 26 26 23 28 27 26 33 33 36
28 32 22 27 24 26 26 24 22 26 27 27 30 26 25 22 19 27 22 22 23 25 26 19 24 25 20 22 25 22 26 25
