64
2
32
4
5

0 32
0 32
0 32
0 32
0 32
0 32
0 32
0 32
0 32
0 32
0 32
0 32
0 32
0 32
0 32
0 32
0 32
0 32
0 32
0 32
0 32
0 32
0 32
0 32
0 32
0 32
0 32
0 32
0 32
0 32
0 32
0 32
0 32
0 32
0 32
0 32
0 32
0 32
0 32
0 32
0 32
0 32
0 32
0 32
0 32
0 32
0 32
0 32
0 32
0 32
0 32
0 32
0 32
0 32
0 32
0 32
0 32
0 32
0 32
0 32
0 32
0 32
0 32
0 32

0 32
0 32
0 32
0 32
0 32
0 32
0 32
0 32
0 32
0 32
0 32
0 32
0 32
0 32
0 32
0 32
0 32
0 32
0 32
0 32
0 32
0 32
0 32
0 32
0 32
0 32
0 32
0 32
0 32
0 32
0 32
0 32
0 32
0 32
0 32
0 32
0 32
0 32
0 32
0 32
0 32
0 32
0 32
0 32
0 32
0 32
0 32
0 32
0 32
0 32
0 32
0 32
0 32
0 32
0 32
0 32
0 32
0 32
0 32
0 32
0 32
0 32
0 32
0 32

16 32
16 32
16 32
16 32
16 32
16 32
16 32
16 32
16 32
16 32
16 32
16 32
16 32
16 32
16 32
16 32
16 32
16 32
16 32
16 32
16 32
16 32
16 32
16 32
16 32
16 32
16 32
16 32
16 32
16 32
16 32
16 32
16 32
16 32
16 32
16 32
16 32
16 32
16 32
16 32
16 32
16 32
16 32
16 32
16 32
16 32
16 32
16 32
16 32
16 32
16 32
16 32
16 32
16 32
16 32
16 32
16 32
16 32
16 32
16 32
16 32
16 32
16 32
16 32

5 5
3 5
5 2
0 5
5 2
0 5
5 0
0 5
5 1
0 5
5 2
2 5
5 0
0 5
5 5
0 5
5 1
0 5
5 0
5 5
5 0
1 5
5 5
4 5
5 3
3 5
5 0
4 5
5 0
0 5
5 3
0 5
5 1
0 5
5 4
5 5
5 0
2 5
5 0
4 5
5 0
2 5
5 0
4 5
5 3
0 5
5 0
3 5
5 4
2 5
5 0
1 5
5 0
0 5
5 3
2 5
5 0
0 5
5 0
1 5
5 2
0 5
5 5
0 5

31 30 25 25 27 26 27 22 27 20 24 31 24 27 27 26 32 25 23 20 26 32 32 32 30 32 33 30 28 28 25 33
31 28 28 23 24 23 22 24 23 24 26 18 27 27 32 29 21 27 30 28 33 27 28 22 27 24 23 25 31 29 30 31
