64
2
32
4
5

0 32
0 32
0 32
0 32
0 32
0 32
0 32
0 32
0 32
0 32
0 32
0 32
0 32
0 32
0 32
0 32
0 32
0 32
0 32
0 32
0 32
0 32
0 32
0 32
0 32
0 32
0 32
0 32
0 32
0 32
0 32
0 32
0 32
0 32
0 32
0 32
0 32
0 32
0 32
0 32
0 32
0 32
0 32
0 32
0 32
0 32
0 32
0 32
0 32
0 32
0 32
0 32
0 32
0 32
0 32
0 32
0 32
0 32
0 32
0 32
0 32
0 32
0 32
0 32

0 32
0 32
0 32
0 32
0 32
0 32
0 32
0 32
0 32
0 32
0 32
0 32
0 32
0 32
0 32
0 32
0 32
0 32
0 32
0 32
0 32
0 32
0 32
0 32
0 32
0 32
0 32
0 32
0 32
0 32
0 32
0 32
0 32
0 32
0 32
0 32
0 32
0 32
0 32
0 32
0 32
0 32
0 32
0 32
0 32
0 32
0 32
0 32
0 32
0 32
0 32
0 32
0 32
0 32
0 32
0 32
0 32
0 32
0 32
0 32
0 32
0 32
0 32
0 32

16 32
16 32
16 32
16 32
16 32
16 32
16 32
16 32
16 32
16 32
16 32
16 32
16 32
16 32
16 32
16 32
16 32
16 32
16 32
16 32
16 32
16 32
16 32
16 32
16 32
16 32
16 32
16 32
16 32
16 32
16 32
16 32
16 32
16 32
16 32
16 32
16 32
16 32
16 32
16 32
16 32
16 32
16 32
16 32
16 32
16 32
16 32
16 32
16 32
16 32
16 32
16 32
16 32
16 32
16 32
16 32
16 32
16 32
16 32
16 32
16 32
16 32
16 32
16 32

5 4
0 5
5 0
0 5
5 1
0 5
5 5
4 5
5 0
5 5
5 0
1 5
5 0
5 5
5 0
0 5
5 5
0 5
5 5
3 5
5 0
4 5
5 5
1 5
5 2
1 5
5 0
0 5
5 0
0 5
5 0
0 5
5 5
3 5
5 0
0 5
5 3
0 5
5 5
1 5
5 0
0 5
5 2
5 5
5 4
0 5
5 0
0 5
5 4
0 5
5 0
1 5
5 0
1 5
5 3
3 5
5 3
0 5
5 0
2 5
5 0
2 5
5 0
5 5

32 38 30 27 32 28 22 27 29 25 25 26 27 30 32 31 31 27 25 27 23 25 25 31 26 23 28 28 27 28 27 29
27 23 28 25 18 22 33 26 26 26 25 28 28 26 23 20 21 27 29 27 28 26 25 21 25 31 28 25 28 24 30 27
