64
2
32
4
5

0 32
0 32
0 32
0 32
0 32
0 32
0 32
0 32
0 32
0 32
0 32
0 32
0 32
0 32
0 32
0 32
0 32
0 32
0 32
0 32
0 32
0 32
0 32
0 32
0 32
0 32
0 32
0 32
0 32
0 32
0 32
0 32
0 32
0 32
0 32
0 32
0 32
0 32
0 32
0 32
0 32
0 32
0 32
0 32
0 32
0 32
0 32
0 32
0 32
0 32
0 32
0 32
0 32
0 32
0 32
0 32
0 32
0 32
0 32
0 32
0 32
0 32
0 32
0 32

0 32
0 32
0 32
0 32
0 32
0 32
0 32
0 32
0 32
0 32
0 32
0 32
0 32
0 32
0 32
0 32
0 32
0 32
0 32
0 32
0 32
0 32
0 32
0 32
0 32
0 32
0 32
0 32
0 32
0 32
0 32
0 32
0 32
0 32
0 32
0 32
0 32
0 32
0 32
0 32
0 32
0 32
0 32
0 32
0 32
0 32
0 32
0 32
0 32
0 32
0 32
0 32
0 32
0 32
0 32
0 32
0 32
0 32
0 32
0 32
0 32
0 32
0 32
0 32

16 32
16 32
16 32
16 32
16 32
16 32
16 32
16 32
16 32
16 32
16 32
16 32
16 32
16 32
16 32
16 32
16 32
16 32
16 32
16 32
16 32
16 32
16 32
16 32
16 32
16 32
16 32
16 32
16 32
16 32
16 32
16 32
16 32
16 32
16 32
16 32
16 32
16 32
16 32
16 32
16 32
16 32
16 32
16 32
16 32
16 32
16 32
16 32
16 32
16 32
16 32
16 32
16 32
16 32
16 32
16 32
16 32
16 32
16 32
16 32
16 32
16 32
16 32
16 32

5 4
0 5
5 0
0 5
5 2
4 5
5 5
3 5
5 1
0 5
5 0
0 5
5 4
0 5
5 5
5 5
5 0
2 5
5 3
1 5
5 2
3 5
5 0
4 5
5 4
0 5
5 2
5 5
5 2
3 5
5 2
1 5
5 3
0 5
5 0
4 5
5 0
0 5
5 2
0 5
5 3
4 5
5 2
2 5
5 5
0 5
5 3
2 5
5 4
5 5
5 0
1 5
5 2
4 5
5 0
0 5
5 2
4 5
5 1
4 5
5 0
0 5
5 3
0 5

32 29 20 27 27 26 29 26 18 27 25 27 27 24 24 20 25 28 25 23 22 20 21 24 27 28 32 16 25 25 31 27
30 31 36 30 28 24 18 19 28 18 29 26 31 30 31 35 31 29 32 29 33 33 35 29 26 29 24 37 32 31 31 37
