64
2
32
4
5

0 32
0 32
0 32
0 32
0 32
0 32
0 32
0 32
0 32
0 32
0 32
0 32
0 32
0 32
0 32
0 32
0 32
0 32
0 32
0 32
0 32
0 32
0 32
0 32
0 32
0 32
0 32
0 32
0 32
0 32
0 32
0 32
0 32
0 32
0 32
0 32
0 32
0 32
0 32
0 32
0 32
0 32
0 32
0 32
0 32
0 32
0 32
0 32
0 32
0 32
0 32
0 32
0 32
0 32
0 32
0 32
0 32
0 32
0 32
0 32
0 32
0 32
0 32
0 32

0 32
0 32
0 32
0 32
0 32
0 32
0 32
0 32
0 32
0 32
0 32
0 32
0 32
0 32
0 32
0 32
0 32
0 32
0 32
0 32
0 32
0 32
0 32
0 32
0 32
0 32
0 32
0 32
0 32
0 32
0 32
0 32
0 32
0 32
0 32
0 32
0 32
0 32
0 32
0 32
0 32
0 32
0 32
0 32
0 32
0 32
0 32
0 32
0 32
0 32
0 32
0 32
0 32
0 32
0 32
0 32
0 32
0 32
0 32
0 32
0 32
0 32
0 32
0 32

16 32
16 32
16 32
16 32
16 32
16 32
16 32
16 32
16 32
16 32
16 32
16 32
16 32
16 32
16 32
16 32
16 32
16 32
16 32
16 32
16 32
16 32
16 32
16 32
16 32
16 32
16 32
16 32
16 32
16 32
16 32
16 32
16 32
16 32
16 32
16 32
16 32
16 32
16 32
16 32
16 32
16 32
16 32
16 32
16 32
16 32
16 32
16 32
16 32
16 32
16 32
16 32
16 32
16 32
16 32
16 32
16 32
16 32
16 32
16 32
16 32
16 32
16 32
16 32

5 2
0 5
5 4
0 5
5 2
2 5
5 4
0 5
5 0
0 5
5 2
0 5
5 0
0 5
5 1
4 5
5 3
3 5
5 0
2 5
5 0
5 5
5 0
4 5
5 2
0 5
5 3
3 5
5 4
0 5
5 4
0 5
5 1
0 5
5 0
0 5
5 4
0 5
5 2
2 5
5 2
0 5
5 4
4 5
5 0
3 5
5 0
0 5
5 0
0 5
5 1
1 5
5 2
1 5
5 0
0 5
5 1
0 5
5 3
0 5
5 0
4 5
5 1
0 5

27 35 25 22 20 21 21 23 15 26 17 21 18 27 21 32 21 22 24 25 24 21 22 24 17 24 23 23 20 21 28 33
30 22 28 32 36 35 31 30 32 24 33 28 29 24 28 26 36 32 36 32 33 36 31 31 38 27 33 32 33 34 33 27
