64
2
32
4
5

0 32
0 32
0 32
0 32
0 32
0 32
0 32
0 32
0 32
0 32
0 32
0 32
0 32
0 32
0 32
0 32
0 32
0 32
0 32
0 32
0 32
0 32
0 32
0 32
0 32
0 32
0 32
0 32
0 32
0 32
0 32
0 32
0 32
0 32
0 32
0 32
0 32
0 32
0 32
0 32
0 32
0 32
0 32
0 32
0 32
0 32
0 32
0 32
0 32
0 32
0 32
0 32
0 32
0 32
0 32
0 32
0 32
0 32
0 32
0 32
0 32
0 32
0 32
0 32

0 32
0 32
0 32
0 32
0 32
0 32
0 32
0 32
0 32
0 32
0 32
0 32
0 32
0 32
0 32
0 32
0 32
0 32
0 32
0 32
0 32
0 32
0 32
0 32
0 32
0 32
0 32
0 32
0 32
0 32
0 32
0 32
0 32
0 32
0 32
0 32
0 32
0 32
0 32
0 32
0 32
0 32
0 32
0 32
0 32
0 32
0 32
0 32
0 32
0 32
0 32
0 32
0 32
0 32
0 32
0 32
0 32
0 32
0 32
0 32
0 32
0 32
0 32
0 32

16 32
16 32
16 32
16 32
16 32
16 32
16 32
16 32
16 32
16 32
16 32
16 32
16 32
16 32
16 32
16 32
16 32
16 32
16 32
16 32
16 32
16 32
16 32
16 32
16 32
16 32
16 32
16 32
16 32
16 32
16 32
16 32
16 32
16 32
16 32
16 32
16 32
16 32
16 32
16 32
16 32
16 32
16 32
16 32
16 32
16 32
16 32
16 32
16 32
16 32
16 32
16 32
16 32
16 32
16 32
16 32
16 32
16 32
16 32
16 32
16 32
16 32
16 32
16 32

5 2
0 5
5 5
0 5
5 5
1 5
5 0
0 5
5 5
2 5
5 3
2 5
5 0
3 5
5 4
1 5
5 0
5 5
5 5
5 5
5 0
0 5
5 0
5 5
5 0
0 5
5 0
3 5
5 0
5 5
5 0
0 5
5 0
5 5
5 0
0 5
5 0
1 5
5 1
3 5
5 3
1 5
5 1
1 5
5 3
0 5
5 1
4 5
5 3
0 5
5 0
5 5
5 0
0 5
5 5
4 5
5 1
1 5
5 4
4 5
5 1
1 5
5 3
5 5

32 27 25 23 24 37 28 32 25 28 23 30 26 35 29 31 27 33 26 29 33 23 28 34 26 27 32 37 30 31 29 35
27 25 25 27 29 16 27 24 29 27 29 27 28 21 27 22 25 23 30 27 22 21 23 20 30 30 27 21 25 26 34 26
