64
2
32
4
5

0 32
0 32
0 32
0 32
0 32
0 32
0 32
0 32
0 32
0 32
0 32
0 32
0 32
0 32
0 32
0 32
0 32
0 32
0 32
0 32
0 32
0 32
0 32
0 32
0 32
0 32
0 32
0 32
0 32
0 32
0 32
0 32
0 32
0 32
0 32
0 32
0 32
0 32
0 32
0 32
0 32
0 32
0 32
0 32
0 32
0 32
0 32
0 32
0 32
0 32
0 32
0 32
0 32
0 32
0 32
0 32
0 32
0 32
0 32
0 32
0 32
0 32
0 32
0 32

0 32
0 32
0 32
0 32
0 32
0 32
0 32
0 32
0 32
0 32
0 32
0 32
0 32
0 32
0 32
0 32
0 32
0 32
0 32
0 32
0 32
0 32
0 32
0 32
0 32
0 32
0 32
0 32
0 32
0 32
0 32
0 32
0 32
0 32
0 32
0 32
0 32
0 32
0 32
0 32
0 32
0 32
0 32
0 32
0 32
0 32
0 32
0 32
0 32
0 32
0 32
0 32
0 32
0 32
0 32
0 32
0 32
0 32
0 32
0 32
0 32
0 32
0 32
0 32

16 32
16 32
16 32
16 32
16 32
16 32
16 32
16 32
16 32
16 32
16 32
16 32
16 32
16 32
16 32
16 32
16 32
16 32
16 32
16 32
16 32
16 32
16 32
16 32
16 32
16 32
16 32
16 32
16 32
16 32
16 32
16 32
16 32
16 32
16 32
16 32
16 32
16 32
16 32
16 32
16 32
16 32
16 32
16 32
16 32
16 32
16 32
16 32
16 32
16 32
16 32
16 32
16 32
16 32
16 32
16 32
16 32
16 32
16 32
16 32
16 32
16 32
16 32
16 32

5 0
5 5
5 2
1 5
5 2
0 5
5 4
1 5
5 0
0 5
5 3
0 5
5 2
0 5
5 5
0 5
5 0
4 5
5 0
4 5
5 2
5 5
5 0
1 5
5 0
4 5
5 4
0 5
5 0
2 5
5 1
1 5
5 3
2 5
5 5
0 5
5 0
0 5
5 0
0 5
5 0
4 5
5 0
0 5
5 1
0 5
5 5
0 5
5 5
0 5
5 4
4 5
5 3
1 5
5 4
0 5
5 0
1 5
5 4
0 5
5 3
0 5
5 4
3 5

21 31 26 31 20 28 26 26 24 21 23 20 23 30 22 17 25 25 29 24 31 18 26 24 21 25 19 27 24 25 27 34
40 27 33 26 30 22 25 27 27 30 26 33 32 23 27 36 26 22 21 24 24 29 29 28 27 28 32 23 29 31 27 27
