64
2
32
4
5

0 32
0 32
0 32
0 32
0 32
0 32
0 32
0 32
0 32
0 32
0 32
0 32
0 32
0 32
0 32
0 32
0 32
0 32
0 32
0 32
0 32
0 32
0 32
0 32
0 32
0 32
0 32
0 32
0 32
0 32
0 32
0 32
0 32
0 32
0 32
0 32
0 32
0 32
0 32
0 32
0 32
0 32
0 32
0 32
0 32
0 32
0 32
0 32
0 32
0 32
0 32
0 32
0 32
0 32
0 32
0 32
0 32
0 32
0 32
0 32
0 32
0 32
0 32
0 32

0 32
0 32
0 32
0 32
0 32
0 32
0 32
0 32
0 32
0 32
0 32
0 32
0 32
0 32
0 32
0 32
0 32
0 32
0 32
0 32
0 32
0 32
0 32
0 32
0 32
0 32
0 32
0 32
0 32
0 32
0 32
0 32
0 32
0 32
0 32
0 32
0 32
0 32
0 32
0 32
0 32
0 32
0 32
0 32
0 32
0 32
0 32
0 32
0 32
0 32
0 32
0 32
0 32
0 32
0 32
0 32
0 32
0 32
0 32
0 32
0 32
0 32
0 32
0 32

16 32
16 32
16 32
16 32
16 32
16 32
16 32
16 32
16 32
16 32
16 32
16 32
16 32
16 32
16 32
16 32
16 32
16 32
16 32
16 32
16 32
16 32
16 32
16 32
16 32
16 32
16 32
16 32
16 32
16 32
16 32
16 32
16 32
16 32
16 32
16 32
16 32
16 32
16 32
16 32
16 32
16 32
16 32
16 32
16 32
16 32
16 32
16 32
16 32
16 32
16 32
16 32
16 32
16 32
16 32
16 32
16 32
16 32
16 32
16 32
16 32
16 32
16 32
16 32

5 0
0 5
5 3
3 5
5 0
5 5
5 4
3 5
5 2
0 5
5 1
2 5
5 2
2 5
5 0
0 5
5 0
0 5
5 0
5 5
5 1
0 5
5 0
4 5
5 1
0 5
5 0
0 5
5 3
0 5
5 1
0 5
5 3
0 5
5 1
4 5
5 2
4 5
5 2
5 5
5 4
0 5
5 2
0 5
5 0
5 5
5 2
0 5
5 1
0 5
5 0
3 5
5 3
0 5
5 0
0 5
5 3
5 5
5 3
0 5
5 0
5 5
5 0
4 5

29 25 27 25 23 25 25 26 24 29 25 31 28 26 24 28 26 26 22 26 24 21 25 24 23 22 20 18 22 30 28 28
32 34 30 31 34 30 30 28 31 28 28 26 26 32 35 31 30 25 28 23 28 32 29 31 30 32 33 36 35 31 36 36
