64
2
32
4
5

0 32
0 32
0 32
0 32
0 32
0 32
0 32
0 32
0 32
0 32
0 32
0 32
0 32
0 32
0 32
0 32
0 32
0 32
0 32
0 32
0 32
0 32
0 32
0 32
0 32
0 32
0 32
0 32
0 32
0 32
0 32
0 32
0 32
0 32
0 32
0 32
0 32
0 32
0 32
0 32
0 32
0 32
0 32
0 32
0 32
0 32
0 32
0 32
0 32
0 32
0 32
0 32
0 32
0 32
0 32
0 32
0 32
0 32
0 32
0 32
0 32
0 32
0 32
0 32

0 32
0 32
0 32
0 32
0 32
0 32
0 32
0 32
0 32
0 32
0 32
0 32
0 32
0 32
0 32
0 32
0 32
0 32
0 32
0 32
0 32
0 32
0 32
0 32
0 32
0 32
0 32
0 32
0 32
0 32
0 32
0 32
0 32
0 32
0 32
0 32
0 32
0 32
0 32
0 32
0 32
0 32
0 32
0 32
0 32
0 32
0 32
0 32
0 32
0 32
0 32
0 32
0 32
0 32
0 32
0 32
0 32
0 32
0 32
0 32
0 32
0 32
0 32
0 32

16 32
16 32
16 32
16 32
16 32
16 32
16 32
16 32
16 32
16 32
16 32
16 32
16 32
16 32
16 32
16 32
16 32
16 32
16 32
16 32
16 32
16 32
16 32
16 32
16 32
16 32
16 32
16 32
16 32
16 32
16 32
16 32
16 32
16 32
16 32
16 32
16 32
16 32
16 32
16 32
16 32
16 32
16 32
16 32
16 32
16 32
16 32
16 32
16 32
16 32
16 32
16 32
16 32
16 32
16 32
16 32
16 32
16 32
16 32
16 32
16 32
16 32
16 32
16 32

5 5
0 5
5 0
0 5
5 0
5 5
5 1
3 5
5 0
3 5
5 0
4 5
5 3
3 5
5 5
0 5
5 3
3 5
5 3
0 5
5 0
0 5
5 1
0 5
5 1
5 5
5 1
0 5
5 0
2 5
5 0
0 5
5 0
4 5
5 1
5 5
5 1
5 5
5 2
0 5
5 0
3 5
5 5
1 5
5 2
4 5
5 0
0 5
5 3
0 5
5 1
3 5
5 0
0 5
5 1
4 5
5 5
4 5
5 0
0 5
5 4
4 5
5 4
3 5

38 29 30 28 27 27 33 25 27 23 25 30 30 26 27 21 27 25 24 22 27 29 25 27 26 31 25 28 27 28 29 35
25 28 29 29 24 26 21 27 24 25 28 24 25 27 26 30 22 25 28 33 28 26 30 31 31 25 25 26 27 25 34 26
