64
2
32
4
5

0 32
0 32
0 32
0 32
0 32
0 32
0 32
0 32
0 32
0 32
0 32
0 32
0 32
0 32
0 32
0 32
0 32
0 32
0 32
0 32
0 32
0 32
0 32
0 32
0 32
0 32
0 32
0 32
0 32
0 32
0 32
0 32
0 32
0 32
0 32
0 32
0 32
0 32
0 32
0 32
0 32
0 32
0 32
0 32
0 32
0 32
0 32
0 32
0 32
0 32
0 32
0 32
0 32
0 32
0 32
0 32
0 32
0 32
0 32
0 32
0 32
0 32
0 32
0 32

0 32
0 32
0 32
0 32
0 32
0 32
0 32
0 32
0 32
0 32
0 32
0 32
0 32
0 32
0 32
0 32
0 32
0 32
0 32
0 32
0 32
0 32
0 32
0 32
0 32
0 32
0 32
0 32
0 32
0 32
0 32
0 32
0 32
0 32
0 32
0 32
0 32
0 32
0 32
0 32
0 32
0 32
0 32
0 32
0 32
0 32
0 32
0 32
0 32
0 32
0 32
0 32
0 32
0 32
0 32
0 32
0 32
0 32
0 32
0 32
0 32
0 32
0 32
0 32

16 32
16 32
16 32
16 32
16 32
16 32
16 32
16 32
16 32
16 32
16 32
16 32
16 32
16 32
16 32
16 32
16 32
16 32
16 32
16 32
16 32
16 32
16 32
16 32
16 32
16 32
16 32
16 32
16 32
16 32
16 32
16 32
16 32
16 32
16 32
16 32
16 32
16 32
16 32
16 32
16 32
16 32
16 32
16 32
16 32
16 32
16 32
16 32
16 32
16 32
16 32
16 32
16 32
16 32
16 32
16 32
16 32
16 32
16 32
16 32
16 32
16 32
16 32
16 32

5 0
0 5
5 1
5 5
5 0
0 5
5 0
0 5
5 2
2 5
5 0
2 5
5 0
1 5
5 1
4 5
5 0
4 5
5 0
0 5
5 0
2 5
5 3
4 5
5 1
0 5
5 4
2 5
5 0
0 5
5 0
5 5
5 2
0 5
5 0
5 5
5 5
4 5
5 3
3 5
5 4
3 5
5 3
1 5
5 4
0 5
5 2
0 5
5 0
0 5
5 2
2 5
5 0
4 5
5 4
0 5
5 4
5 5
5 4
0 5
5 4
2 5
5 3
2 5

33 25 25 27 34 29 32 29 29 30 25 27 24 27 29 28 27 23 27 22 26 26 32 28 37 21 27 20 27 27 27 28
30 28 31 28 21 27 22 27 28 24 30 29 28 28 25 20 26 26 26 27 22 24 18 24 17 25 21 25 21 26 30 32
