128
16
32
4
5

0 32
0 32
0 32
0 32
0 32
0 32
0 32
0 32
0 32
0 32
0 32
0 32
0 32
0 32
0 32
0 32
0 32
0 32
0 32
0 32
0 32
0 32
0 32
0 32
0 32
0 32
0 32
0 32
0 32
0 32
0 32
0 32
0 32
0 32
0 32
0 32
0 32
0 32
0 32
0 32
0 32
0 32
0 32
0 32
0 32
0 32
0 32
0 32
0 32
0 32
0 32
0 32
0 32
0 32
0 32
0 32
0 32
0 32
0 32
0 32
0 32
0 32
0 32
0 32
0 32
0 32
0 32
0 32
0 32
0 32
0 32
0 32
0 32
0 32
0 32
0 32
0 32
0 32
0 32
0 32
0 32
0 32
0 32
0 32
0 32
0 32
0 32
0 32
0 32
0 32
0 32
0 32
0 32
0 32
0 32
0 32
0 32
0 32
0 32
0 32
0 32
0 32
0 32
0 32
0 32
0 32
0 32
0 32
0 32
0 32
0 32
0 32
0 32
0 32
0 32
0 32
0 32
0 32
0 32
0 32
0 32
0 32
0 32
0 32
0 32
0 32
0 32
0 32

0 32
0 32
0 32
0 32
0 32
0 32
0 32
0 32
0 32
0 32
0 32
0 32
0 32
0 32
0 32
0 32
0 32
0 32
0 32
0 32
0 32
0 32
0 32
0 32
0 32
0 32
0 32
0 32
0 32
0 32
0 32
0 32
0 32
0 32
0 32
0 32
0 32
0 32
0 32
0 32
0 32
0 32
0 32
0 32
0 32
0 32
0 32
0 32
0 32
0 32
0 32
0 32
0 32
0 32
0 32
0 32
0 32
0 32
0 32
0 32
0 32
0 32
0 32
0 32
0 32
0 32
0 32
0 32
0 32
0 32
0 32
0 32
0 32
0 32
0 32
0 32
0 32
0 32
0 32
0 32
0 32
0 32
0 32
0 32
0 32
0 32
0 32
0 32
0 32
0 32
0 32
0 32
0 32
0 32
0 32
0 32
0 32
0 32
0 32
0 32
0 32
0 32
0 32
0 32
0 32
0 32
0 32
0 32
0 32
0 32
0 32
0 32
0 32
0 32
0 32
0 32
0 32
0 32
0 32
0 32
0 32
0 32
0 32
0 32
0 32
0 32
0 32
0 32

16 32
16 32
16 32
16 32
16 32
16 32
16 32
16 32
16 32
16 32
16 32
16 32
16 32
16 32
16 32
16 32
16 32
16 32
16 32
16 32
16 32
16 32
16 32
16 32
16 32
16 32
16 32
16 32
16 32
16 32
16 32
16 32
16 32
16 32
16 32
16 32
16 32
16 32
16 32
16 32
16 32
16 32
16 32
16 32
16 32
16 32
16 32
16 32
16 32
16 32
16 32
16 32
16 32
16 32
16 32
16 32
16 32
16 32
16 32
16 32
16 32
16 32
16 32
16 32
16 32
16 32
16 32
16 32
16 32
16 32
16 32
16 32
16 32
16 32
16 32
16 32
16 32
16 32
16 32
16 32
16 32
16 32
16 32
16 32
16 32
16 32
16 32
16 32
16 32
16 32
16 32
16 32
16 32
16 32
16 32
16 32
16 32
16 32
16 32
16 32
16 32
16 32
16 32
16 32
16 32
16 32
16 32
16 32
16 32
16 32
16 32
16 32
16 32
16 32
16 32
16 32
16 32
16 32
16 32
16 32
16 32
16 32
16 32
16 32
16 32
16 32
16 32
16 32

5 0 0 0 0 2 0 0 4 1 0 0 4 0 0 0
0 5 0 5 0 3 0 4 0 0 0 0 5 0 0 0
0 0 5 0 0 0 0 0 0 2 0 0 0 0 2 1
3 1 0 5 0 0 2 3 4 0 0 0 0 0 0 0
0 0 0 0 5 0 0 0 0 0 0 0 0 0 0 0
0 0 0 0 0 5 4 0 0 0 0 0 0 0 0 1
0 2 0 0 0 0 5 5 0 0 0 2 0 0 1 0
0 5 0 0 0 0 0 5 0 0 0 3 0 0 0 4
0 0 0 0 0 0 0 0 5 0 0 0 0 0 0 0
0 0 1 0 0 0 0 0 0 5 0 0 1 0 0 0
0 0 0 0 0 2 0 0 0 4 5 0 0 0 0 0
3 0 0 0 0 0 0 1 0 0 0 5 0 0 0 0
0 0 0 0 0 0 0 0 0 0 0 0 5 0 0 0
0 0 0 0 0 0 0 0 0 0 0 0 0 5 0 0
0 0 0 0 0 0 0 0 0 0 0 0 0 0 5 0
0 5 0 1 0 0 0 0 0 0 0 1 0 0 0 5
5 0 0 1 0 0 0 0 0 0 0 3 0 0 4 0
0 5 0 0 0 0 0 0 0 0 0 0 0 0 0 0
5 1 5 0 0 0 0 0 4 0 0 0 0 0 0 0
0 0 0 5 0 0 3 0 3 0 0 0 0 0 0 0
0 0 0 0 5 0 2 0 2 0 0 0 0 0 0 0
0 4 0 1 2 5 0 0 2 0 0 0 1 0 0 0
0 0 0 0 0 0 5 0 0 0 4 0 3 0 0 0
0 0 0 0 5 0 0 5 0 0 0 0 0 0 0 0
0 0 0 0 1 0 5 1 5 0 0 0 0 0 2 0
0 0 1 0 0 0 3 0 0 5 3 0 0 1 0 0
0 0 0 0 0 0 0 0 0 0 5 0 0 0 0 0
0 2 0 0 0 0 3 0 0 0 0 5 0 0 5 0
0 0 0 0 0 0 0 0 0 0 0 0 5 0 0 0
0 0 0 0 0 0 0 0 0 0 0 0 0 5 0 0
3 0 0 2 0 0 0 0 0 2 0 0 0 0 5 0
0 0 0 0 5 3 0 0 0 4 0 0 0 0 0 5
5 0 0 4 0 0 5 0 0 0 0 0 3 0 0 0
0 5 0 5 0 0 0 0 0 0 0 0 0 0 0 0
5 0 5 0 0 0 1 2 0 0 0 0 0 0 0 0
0 2 0 5 0 0 0 0 0 0 0 1 0 0 0 2
2 0 0 0 5 0 4 0 0 0 0 3 0 0 0 0
0 0 0 0 0 5 0 0 3 0 3 0 0 0 2 0
0 0 0 0 0 0 5 0 0 0 0 0 0 0 0 0
0 0 0 0 4 0 0 5 0 0 0 0 0 5 1 0
0 0 0 3 0 0 3 0 5 0 0 0 0 0 0 0
0 0 0 1 0 0 0 0 4 5 0 4 0 0 0 0
0 0 0 4 4 0 0 0 0 1 5 0 0 0 0 0
0 0 0 0 0 0 0 0 0 0 0 5 0 0 0 0
0 0 0 0 0 1 0 0 5 0 0 0 5 0 0 1
0 0 0 0 0 0 0 0 0 0 0 4 5 5 0 0
4 4 0 0 0 0 4 0 2 1 0 0 0 0 5 0
1 0 2 3 1 2 0 0 0 0 0 0 0 0 0 5
5 0 0 0 3 0 0 3 0 2 0 0 0 0 0 0
0 5 0 0 0 0 0 0 0 0 0 0 0 0 0 0
0 0 5 0 0 0 0 0 0 0 0 0 0 0 0 0
0 0 0 5 0 0 0 0 5 0 5 5 3 0 0 3
0 3 0 0 5 2 0 0 0 0 0 0 1 0 0 1
0 0 0 0 0 5 0 0 0 0 0 0 0 0 0 0
0 3 0 0 2 0 5 0 0 0 0 0 0 0 5 1
0 0 0 5 0 0 0 5 4 0 0 0 0 0 0 0
0 2 3 0 0 0 0 0 5 0 5 0 0 0 0 4
0 0 0 0 0 0 0 0 0 5 3 0 0 3 0 0
0 0 0 0 0 0 0 0 0 0 5 0 0 0 0 0
0 0 0 0 0 0 0 0 0 0 0 5 0 0 0 0
0 0 0 0 0 0 0 0 0 0 0 0 5 0 0 0
0 5 0 0 0 0 0 0 0 0 0 4 0 5 0 4
1 0 3 0 0 4 0 0 1 0 0 0 0 0 5 0
0 0 0 0 0 0 0 0 0 0 0 0 0 0 0 5
5 0 0 0 0 0 0 0 0 0 0 0 0 0 0 0
4 5 0 0 0 0 0 0 4 1 1 0 0 0 0 0
0 0 5 0 0 0 0 0 0 0 0 0 0 0 0 0
0 0 0 5 0 5 0 0 2 0 0 1 0 0 0 0
2 0 0 0 5 0 0 0 0 0 0 5 0 0 0 0
0 0 0 0 0 5 0 0 0 0 0 0 0 0 0 0
0 0 0 0 0 0 5 0 0 0 0 0 0 0 0 0
0 2 0 0 0 0 0 5 0 0 0 0 3 4 5 0
0 0 0 5 0 0 0 0 5 0 0 0 1 0 0 0
0 0 0 0 0 4 0 0 0 5 0 0 0 0 0 0
0 4 2 0 0 0 0 0 0 0 5 5 0 0 0 0
0 0 0 0 0 0 0 0 0 0 0 5 0 0 0 0
1 0 0 0 5 0 4 0 0 0 0 0 5 5 4 0
0 0 1 0 0 0 1 0 2 0 0 0 0 5 0 0
0 0 0 0 0 0 0 0 0 0 0 0 0 0 5 0
0 0 0 0 0 0 0 0 0 0 0 0 0 0 0 5
5 0 0 0 0 0 0 0 0 0 0 0 0 0 0 0
0 5 0 0 0 1 0 1 0 0 0 0 0 0 0 0
0 0 5 0 0 0 0 0 0 4 0 0 0 0 0 0
0 0 0 5 0 0 0 0 0 0 0 0 0 0 0 0
0 0 1 0 5 0 0 0 0 0 0 0 0 0 0 0
0 0 0 0 0 5 0 3 2 0 0 0 0 0 0 0
0 3 0 0 0 2 5 0 0 0 0 2 0 0 0 2
0 0 0 0 0 0 0 5 0 0 0 3 0 0 5 0
0 0 0 0 0 0 0 0 5 0 0 0 0 0 0 0
0 0 0 0 0 0 0 0 0 5 0 0 0 0 0 0
0 0 0 0 0 0 0 0 0 0 5 0 0 0 0 0
0 0 0 0 0 0 0 0 0 0 0 5 0 0 0 0
0 0 0 0 0 0 0 0 0 0 0 0 5 0 0 0
0 0 0 0 2 0 0 0 3 2 0 0 0 5 0 0
0 0 0 2 0 0 0 0 0 0 0 0 3 0 5 0
0 0 0 0 0 0 0 0 0 0 0 0 0 0 0 5
5 0 0 0 0 3 0 0 0 0 0 0 0 0 0 0
0 5 0 0 0 0 0 0 0 0 0 0 0 0 0 0
0 3 5 0 0 0 0 5 0 0 0 0 0 0 2 2
0 0 0 5 0 0 0 0 0 0 0 0 0 0 0 0
0 4 0 0 5 0 0 5 0 0 0 0 0 0 0 0
0 0 0 0 0 5 3 0 0 0 0 0 0 0 0 0
0 0 0 0 0 0 5 0 5 0 0 0 5 1 0 0
0 0 0 0 0 0 0 5 0 0 0 0 0 0 0 0
0 0 0 0 0 0 0 0 5 0 0 0 0 0 0 0
0 0 0 0 1 2 0 5 0 5 0 0 0 0 0 0
0 0 4 5 0 0 0 0 0 0 5 0 0 0 4 0
0 0 0 0 2 0 0 0 0 2 0 5 0 0 0 0
0 0 0 0 5 5 3 0 0 0 0 0 5 0 0 0
0 0 0 2 0 0 0 0 0 0 0 0 2 5 0 0
2 0 0 2 0 0 0 0 0 0 0 0 0 0 5 5
0 0 0 0 0 0 0 0 0 1 0 0 0 4 0 5
5 0 0 0 0 0 0 0 0 0 3 1 0 4 0 0
0 5 5 0 0 1 0 0 0 0 0 0 0 0 0 0
1 0 5 0 5 0 0 0 0 4 0 0 0 0 2 0
0 0 0 5 0 0 0 4 0 0 0 2 0 0 0 0
3 0 0 0 5 0 0 0 0 0 0 0 0 0 5 2
0 0 0 0 0 5 0 0 0 0 0 0 0 0 0 0
0 0 2 0 0 0 5 0 5 0 0 0 0 0 0 0
4 0 3 0 0 0 0 5 0 0 0 5 0 0 0 0
0 4 0 0 0 0 0 0 5 2 0 4 0 5 0 0
0 0 0 0 0 5 0 0 0 5 0 0 1 0 0 0
0 0 0 0 0 0 0 0 0 0 5 0 0 0 0 0
0 0 0 0 0 0 0 0 5 2 0 5 0 4 0 0
0 3 0 0 0 3 0 0 5 1 0 0 5 0 0 0
0 0 0 0 0 0 0 0 0 0 0 0 0 5 0 0
0 0 0 4 4 0 0 0 0 5 0 0 0 2 5 0
0 0 3 0 0 0 1 0 1 0 0 0 3 0 0 5

8 9 5 9 8 7 6 9 8 5 5 6 4 4 5 11 9 6 6 5 6 4 11 4 9 5 4 5 7 8 8 7
10 8 9 8 7 6 5 7 8 9 4 5 4 4 6 8 6 6 4 10 5 6 9 7 9 5 6 9 5 7 8 6
9 7 8 9 6 6 7 6 4 6 5 6 6 4 3 6 4 6 6 7 6 5 4 3 4 3 6 6 5 6 6 7
8 5 8 5 4 7 9 9 5 9 9 7 10 6 5 9 8 8 4 4 2 8 9 2 3 9 8 6 8 7 11 12
4 2 2 7 7 8 7 7 4 3 5 7 5 7 6 4 3 3 6 11 3 12 3 5 5 6 9 7 6 7 6 7
7 8 6 9 3 8 11 4 8 6 10 9 9 4 8 10 6 6 6 7 8 9 5 10 6 6 8 4 4 8 11 8
9 5 8 7 7 7 3 4 7 5 8 6 9 9 6 2 7 6 9 7 5 2 4 8 7 7 4 5 5 5 2 10
6 8 3 5 5 5 5 3 6 5 4 3 6 9 7 3 3 4 4 3 5 2 4 5 3 4 4 6 9 7 5 3
8 8 11 8 7 5 10 9 8 3 8 10 9 9 9 10 7 9 10 7 8 7 9 9 14 9 11 7 7 9 10 11
5 7 7 5 5 5 5 8 6 8 7 4 9 4 8 5 11 9 4 2 8 5 8 5 8 9 6 8 10 5 7 6
4 7 6 4 7 4 5 8 8 6 6 5 5 9 3 7 7 6 4 8 5 5 4 4 6 6 4 5 8 6 7 8
9 8 8 7 13 10 9 8 8 9 7 10 6 9 11 5 6 7 9 6 11 10 7 7 1 7 9 10 9 9 8 9
9 10 8 7 8 5 4 9 7 10 7 8 4 6 5 4 5 6 7 9 10 8 12 9 9 7 4 6 6 7 8 7
8 8 4 9 9 6 6 4 7 8 7 5 8 7 8 7 4 5 6 7 9 7 4 5 3 3 5 3 4 4 6 4
5 7 8 5 7 6 4 1 6 4 7 4 8 7 4 7 7 6 6 3 3 4 2 6 4 5 6 5 8 6 5 6
4 6 8 5 5 8 6 6 5 6 9 9 2 3 5 5 5 5 5 5 7 6 6 6 7 9 6 4 6 5 5 10
