64
2
32
4
5

0 32
0 32
0 32
0 32
0 32
0 32
0 32
0 32
0 32
0 32
0 32
0 32
0 32
0 32
0 32
0 32
0 32
0 32
0 32
0 32
0 32
0 32
0 32
0 32
0 32
0 32
0 32
0 32
0 32
0 32
0 32
0 32
0 32
0 32
0 32
0 32
0 32
0 32
0 32
0 32
0 32
0 32
0 32
0 32
0 32
0 32
0 32
0 32
0 32
0 32
0 32
0 32
0 32
0 32
0 32
0 32
0 32
0 32
0 32
0 32
0 32
0 32
0 32
0 32

0 32
0 32
0 32
0 32
0 32
0 32
0 32
0 32
0 32
0 32
0 32
0 32
0 32
0 32
0 32
0 32
0 32
0 32
0 32
0 32
0 32
0 32
0 32
0 32
0 32
0 32
0 32
0 32
0 32
0 32
0 32
0 32
0 32
0 32
0 32
0 32
0 32
0 32
0 32
0 32
0 32
0 32
0 32
0 32
0 32
0 32
0 32
0 32
0 32
0 32
0 32
0 32
0 32
0 32
0 32
0 32
0 32
0 32
0 32
0 32
0 32
0 32
0 32
0 32

16 32
16 32
16 32
16 32
16 32
16 32
16 32
16 32
16 32
16 32
16 32
16 32
16 32
16 32
16 32
16 32
16 32
16 32
16 32
16 32
16 32
16 32
16 32
16 32
16 32
16 32
16 32
16 32
16 32
16 32
16 32
16 32
16 32
16 32
16 32
16 32
16 32
16 32
16 32
16 32
16 32
16 32
16 32
16 32
16 32
16 32
16 32
16 32
16 32
16 32
16 32
16 32
16 32
16 32
16 32
16 32
16 32
16 32
16 32
16 32
16 32
16 32
16 32
16 32

5 5
0 5
5 2
0 5
5 0
2 5
5 3
2 5
5 2
2 5
5 4
0 5
5 5
5 5
5 1
0 5
5 0
2 5
5 0
0 5
5 0
1 5
5 0
4 5
5 0
0 5
5 0
0 5
5 5
3 5
5 1
2 5
5 3
3 5
5 1
0 5
5 0
2 5
5 2
4 5
5 0
1 5
5 0
3 5
5 5
0 5
5 0
0 5
5 5
5 5
5 0
2 5
5 1
3 5
5 0
3 5
5 0
2 5
5 3
1 5
5 3
0 5
5 4
2 5

33 33 32 33 32 31 27 24 28 30 27 32 26 24 24 22 24 26 28 28 27 34 32 23 29 30 26 25 34 33 34 34
28 27 26 25 28 26 31 32 27 27 29 25 26 29 27 25 28 27 24 24 22 21 25 33 27 21 24 30 22 26 29 30
