64
2
32
4
5

0 32
0 32
0 32
0 32
0 32
0 32
0 32
0 32
0 32
0 32
0 32
0 32
0 32
0 32
0 32
0 32
0 32
0 32
0 32
0 32
0 32
0 32
0 32
0 32
0 32
0 32
0 32
0 32
0 32
0 32
0 32
0 32
0 32
0 32
0 32
0 32
0 32
0 32
0 32
0 32
0 32
0 32
0 32
0 32
0 32
0 32
0 32
0 32
0 32
0 32
0 32
0 32
0 32
0 32
0 32
0 32
0 32
0 32
0 32
0 32
0 32
0 32
0 32
0 32

0 32
0 32
0 32
0 32
0 32
0 32
0 32
0 32
0 32
0 32
0 32
0 32
0 32
0 32
0 32
0 32
0 32
0 32
0 32
0 32
0 32
0 32
0 32
0 32
0 32
0 32
0 32
0 32
0 32
0 32
0 32
0 32
0 32
0 32
0 32
0 32
0 32
0 32
0 32
0 32
0 32
0 32
0 32
0 32
0 32
0 32
0 32
0 32
0 32
0 32
0 32
0 32
0 32
0 32
0 32
0 32
0 32
0 32
0 32
0 32
0 32
0 32
0 32
0 32

16 32
16 32
16 32
16 32
16 32
16 32
16 32
16 32
16 32
16 32
16 32
16 32
16 32
16 32
16 32
16 32
16 32
16 32
16 32
16 32
16 32
16 32
16 32
16 32
16 32
16 32
16 32
16 32
16 32
16 32
16 32
16 32
16 32
16 32
16 32
16 32
16 32
16 32
16 32
16 32
16 32
16 32
16 32
16 32
16 32
16 32
16 32
16 32
16 32
16 32
16 32
16 32
16 32
16 32
16 32
16 32
16 32
16 32
16 32
16 32
16 32
16 32
16 32
16 32

5 0
0 5
5 4
1 5
5 3
3 5
5 3
1 5
5 0
0 5
5 0
5 5
5 0
2 5
5 0
0 5
5 1
2 5
5 2
0 5
5 0
1 5
5 1
5 5
5 0
2 5
5 4
2 5
5 1
2 5
5 0
0 5
5 0
4 5
5 5
0 5
5 5
1 5
5 2
3 5
5 0
5 5
5 5
0 5
5 0
0 5
5 3
2 5
5 0
0 5
5 0
3 5
5 0
3 5
5 4
3 5
5 0
3 5
5 2
1 5
5 2
0 5
5 0
5 5

32 31 25 27 28 29 27 30 26 25 23 27 29 30 30 35 37 33 34 30 35 27 32 30 31 28 27 21 27 34 32 32
26 29 33 24 25 22 25 26 27 23 25 22 21 19 25 21 20 26 25 24 21 28 20 27 26 27 26 30 24 21 28 32
