64
2
32
4
5

0 32
0 32
0 32
0 32
0 32
0 32
0 32
0 32
0 32
0 32
0 32
0 32
0 32
0 32
0 32
0 32
0 32
0 32
0 32
0 32
0 32
0 32
0 32
0 32
0 32
0 32
0 32
0 32
0 32
0 32
0 32
0 32
0 32
0 32
0 32
0 32
0 32
0 32
0 32
0 32
0 32
0 32
0 32
0 32
0 32
0 32
0 32
0 32
0 32
0 32
0 32
0 32
0 32
0 32
0 32
0 32
0 32
0 32
0 32
0 32
0 32
0 32
0 32
0 32

0 32
0 32
0 32
0 32
0 32
0 32
0 32
0 32
0 32
0 32
0 32
0 32
0 32
0 32
0 32
0 32
0 32
0 32
0 32
0 32
0 32
0 32
0 32
0 32
0 32
0 32
0 32
0 32
0 32
0 32
0 32
0 32
0 32
0 32
0 32
0 32
0 32
0 32
0 32
0 32
0 32
0 32
0 32
0 32
0 32
0 32
0 32
0 32
0 32
0 32
0 32
0 32
0 32
0 32
0 32
0 32
0 32
0 32
0 32
0 32
0 32
0 32
0 32
0 32

16 32
16 32
16 32
16 32
16 32
16 32
16 32
16 32
16 32
16 32
16 32
16 32
16 32
16 32
16 32
16 32
16 32
16 32
16 32
16 32
16 32
16 32
16 32
16 32
16 32
16 32
16 32
16 32
16 32
16 32
16 32
16 32
16 32
16 32
16 32
16 32
16 32
16 32
16 32
16 32
16 32
16 32
16 32
16 32
16 32
16 32
16 32
16 32
16 32
16 32
16 32
16 32
16 32
16 32
16 32
16 32
16 32
16 32
16 32
16 32
16 32
16 32
16 32
16 32

5 0
0 5
5 0
0 5
5 2
2 5
5 0
2 5
5 0
1 5
5 0
2 5
5 1
2 5
5 4
0 5
5 5
0 5
5 2
0 5
5 5
5 5
5 2
4 5
5 0
2 5
5 2
5 5
5 1
0 5
5 3
3 5
5 2
2 5
5 4
4 5
5 0
4 5
5 4
0 5
5 1
5 5
5 2
3 5
5 1
0 5
5 0
1 5
5 1
3 5
5 3
5 5
5 4
2 5
5 0
0 5
5 4
4 5
5 0
0 5
5 1
2 5
5 0
1 5

29 33 29 28 26 28 28 21 23 26 29 26 35 30 25 25 19 31 30 28 26 28 32 29 33 28 30 31 35 32 32 34
32 25 26 25 27 26 18 27 27 20 22 29 21 24 29 27 34 21 25 28 31 27 25 30 27 31 28 27 20 28 30 30
