64
2
32
4
5

0 32
0 32
0 32
0 32
0 32
0 32
0 32
0 32
0 32
0 32
0 32
0 32
0 32
0 32
0 32
0 32
0 32
0 32
0 32
0 32
0 32
0 32
0 32
0 32
0 32
0 32
0 32
0 32
0 32
0 32
0 32
0 32
0 32
0 32
0 32
0 32
0 32
0 32
0 32
0 32
0 32
0 32
0 32
0 32
0 32
0 32
0 32
0 32
0 32
0 32
0 32
0 32
0 32
0 32
0 32
0 32
0 32
0 32
0 32
0 32
0 32
0 32
0 32
0 32

0 32
0 32
0 32
0 32
0 32
0 32
0 32
0 32
0 32
0 32
0 32
0 32
0 32
0 32
0 32
0 32
0 32
0 32
0 32
0 32
0 32
0 32
0 32
0 32
0 32
0 32
0 32
0 32
0 32
0 32
0 32
0 32
0 32
0 32
0 32
0 32
0 32
0 32
0 32
0 32
0 32
0 32
0 32
0 32
0 32
0 32
0 32
0 32
0 32
0 32
0 32
0 32
0 32
0 32
0 32
0 32
0 32
0 32
0 32
0 32
0 32
0 32
0 32
0 32

16 32
16 32
16 32
16 32
16 32
16 32
16 32
16 32
16 32
16 32
16 32
16 32
16 32
16 32
16 32
16 32
16 32
16 32
16 32
16 32
16 32
16 32
16 32
16 32
16 32
16 32
16 32
16 32
16 32
16 32
16 32
16 32
16 32
16 32
16 32
16 32
16 32
16 32
16 32
16 32
16 32
16 32
16 32
16 32
16 32
16 32
16 32
16 32
16 32
16 32
16 32
16 32
16 32
16 32
16 32
16 32
16 32
16 32
16 32
16 32
16 32
16 32
16 32
16 32

5 0
0 5
5 4
0 5
5 4
0 5
5 0
5 5
5 0
4 5
5 4
0 5
5 0
2 5
5 2
5 5
5 2
0 5
5 0
5 5
5 2
2 5
5 3
1 5
5 0
2 5
5 0
0 5
5 1
0 5
5 4
0 5
5 0
5 5
5 0
0 5
5 3
2 5
5 0
3 5
5 5
0 5
5 2
0 5
5 2
0 5
5 4
2 5
5 1
3 5
5 4
4 5
5 2
0 5
5 4
2 5
5 2
3 5
5 0
2 5
5 2
0 5
5 3
0 5

32 31 27 18 23 29 28 21 23 23 23 26 30 22 26 36 30 30 25 20 23 27 28 33 24 26 25 24 27 26 25 29
29 25 28 31 31 27 23 32 29 32 34 29 25 36 31 23 29 27 30 29 31 25 31 28 30 28 25 24 25 31 36 35
