64
2
32
4
5

0 32
0 32
0 32
0 32
0 32
0 32
0 32
0 32
0 32
0 32
0 32
0 32
0 32
0 32
0 32
0 32
0 32
0 32
0 32
0 32
0 32
0 32
0 32
0 32
0 32
0 32
0 32
0 32
0 32
0 32
0 32
0 32
0 32
0 32
0 32
0 32
0 32
0 32
0 32
0 32
0 32
0 32
0 32
0 32
0 32
0 32
0 32
0 32
0 32
0 32
0 32
0 32
0 32
0 32
0 32
0 32
0 32
0 32
0 32
0 32
0 32
0 32
0 32
0 32

0 32
0 32
0 32
0 32
0 32
0 32
0 32
0 32
0 32
0 32
0 32
0 32
0 32
0 32
0 32
0 32
0 32
0 32
0 32
0 32
0 32
0 32
0 32
0 32
0 32
0 32
0 32
0 32
0 32
0 32
0 32
0 32
0 32
0 32
0 32
0 32
0 32
0 32
0 32
0 32
0 32
0 32
0 32
0 32
0 32
0 32
0 32
0 32
0 32
0 32
0 32
0 32
0 32
0 32
0 32
0 32
0 32
0 32
0 32
0 32
0 32
0 32
0 32
0 32

16 32
16 32
16 32
16 32
16 32
16 32
16 32
16 32
16 32
16 32
16 32
16 32
16 32
16 32
16 32
16 32
16 32
16 32
16 32
16 32
16 32
16 32
16 32
16 32
16 32
16 32
16 32
16 32
16 32
16 32
16 32
16 32
16 32
16 32
16 32
16 32
16 32
16 32
16 32
16 32
16 32
16 32
16 32
16 32
16 32
16 32
16 32
16 32
16 32
16 32
16 32
16 32
16 32
16 32
16 32
16 32
16 32
16 32
16 32
16 32
16 32
16 32
16 32
16 32

5 3
2 5
5 4
0 5
5 3
5 5
5 0
5 5
5 4
4 5
5 3
3 5
5 5
0 5
5 1
0 5
5 0
2 5
5 0
0 5
5 2
2 5
5 3
0 5
5 0
2 5
5 3
1 5
5 2
1 5
5 0
5 5
5 0
0 5
5 1
3 5
5 1
0 5
5 1
5 5
5 5
0 5
5 3
3 5
5 0
3 5
5 3
2 5
5 0
3 5
5 0
0 5
5 2
0 5
5 0
0 5
5 3
0 5
5 1
0 5
5 5
5 5
5 0
5 5

34 30 25 30 30 25 18 25 21 30 23 26 21 28 27 29 23 26 21 25 24 23 27 23 28 23 26 30 32 32 27 31
27 29 32 22 19 24 28 20 26 24 27 28 27 27 27 29 32 29 36 32 29 26 23 27 24 30 25 25 21 26 32 29
