64
2
32
4
5

0 32
0 32
0 32
0 32
0 32
0 32
0 32
0 32
0 32
0 32
0 32
0 32
0 32
0 32
0 32
0 32
0 32
0 32
0 32
0 32
0 32
0 32
0 32
0 32
0 32
0 32
0 32
0 32
0 32
0 32
0 32
0 32
0 32
0 32
0 32
0 32
0 32
0 32
0 32
0 32
0 32
0 32
0 32
0 32
0 32
0 32
0 32
0 32
0 32
0 32
0 32
0 32
0 32
0 32
0 32
0 32
0 32
0 32
0 32
0 32
0 32
0 32
0 32
0 32

0 32
0 32
0 32
0 32
0 32
0 32
0 32
0 32
0 32
0 32
0 32
0 32
0 32
0 32
0 32
0 32
0 32
0 32
0 32
0 32
0 32
0 32
0 32
0 32
0 32
0 32
0 32
0 32
0 32
0 32
0 32
0 32
0 32
0 32
0 32
0 32
0 32
0 32
0 32
0 32
0 32
0 32
0 32
0 32
0 32
0 32
0 32
0 32
0 32
0 32
0 32
0 32
0 32
0 32
0 32
0 32
0 32
0 32
0 32
0 32
0 32
0 32
0 32
0 32

16 32
16 32
16 32
16 32
16 32
16 32
16 32
16 32
16 32
16 32
16 32
16 32
16 32
16 32
16 32
16 32
16 32
16 32
16 32
16 32
16 32
16 32
16 32
16 32
16 32
16 32
16 32
16 32
16 32
16 32
16 32
16 32
16 32
16 32
16 32
16 32
16 32
16 32
16 32
16 32
16 32
16 32
16 32
16 32
16 32
16 32
16 32
16 32
16 32
16 32
16 32
16 32
16 32
16 32
16 32
16 32
16 32
16 32
16 32
16 32
16 32
16 32
16 32
16 32

5 1
2 5
5 2
0 5
5 4
0 5
5 1
5 5
5 1
0 5
5 5
1 5
5 3
2 5
5 0
0 5
5 0
2 5
5 0
3 5
5 0
4 5
5 1
0 5
5 0
3 5
5 4
0 5
5 0
0 5
5 3
5 5
5 0
5 5
5 5
5 5
5 5
2 5
5 0
2 5
5 1
1 5
5 3
5 5
5 5
1 5
5 0
0 5
5 0
1 5
5 0
0 5
5 5
0 5
5 5
0 5
5 4
1 5
5 0
4 5
5 1
2 5
5 0
5 5

31 30 29 26 37 33 29 27 23 21 31 22 25 30 27 31 30 27 27 29 29 29 29 29 27 27 27 27 31 33 33 24
30 24 32 29 22 24 27 26 28 25 16 29 29 30 24 24 25 25 28 25 26 27 22 27 26 27 26 23 26 26 29 37
