64
2
32
4
5

0 32
0 32
0 32
0 32
0 32
0 32
0 32
0 32
0 32
0 32
0 32
0 32
0 32
0 32
0 32
0 32
0 32
0 32
0 32
0 32
0 32
0 32
0 32
0 32
0 32
0 32
0 32
0 32
0 32
0 32
0 32
0 32
0 32
0 32
0 32
0 32
0 32
0 32
0 32
0 32
0 32
0 32
0 32
0 32
0 32
0 32
0 32
0 32
0 32
0 32
0 32
0 32
0 32
0 32
0 32
0 32
0 32
0 32
0 32
0 32
0 32
0 32
0 32
0 32

0 32
0 32
0 32
0 32
0 32
0 32
0 32
0 32
0 32
0 32
0 32
0 32
0 32
0 32
0 32
0 32
0 32
0 32
0 32
0 32
0 32
0 32
0 32
0 32
0 32
0 32
0 32
0 32
0 32
0 32
0 32
0 32
0 32
0 32
0 32
0 32
0 32
0 32
0 32
0 32
0 32
0 32
0 32
0 32
0 32
0 32
0 32
0 32
0 32
0 32
0 32
0 32
0 32
0 32
0 32
0 32
0 32
0 32
0 32
0 32
0 32
0 32
0 32
0 32

16 32
16 32
16 32
16 32
16 32
16 32
16 32
16 32
16 32
16 32
16 32
16 32
16 32
16 32
16 32
16 32
16 32
16 32
16 32
16 32
16 32
16 32
16 32
16 32
16 32
16 32
16 32
16 32
16 32
16 32
16 32
16 32
16 32
16 32
16 32
16 32
16 32
16 32
16 32
16 32
16 32
16 32
16 32
16 32
16 32
16 32
16 32
16 32
16 32
16 32
16 32
16 32
16 32
16 32
16 32
16 32
16 32
16 32
16 32
16 32
16 32
16 32
16 32
16 32

5 0
1 5
5 0
0 5
5 1
5 5
5 5
3 5
5 5
2 5
5 3
0 5
5 1
4 5
5 3
0 5
5 3
0 5
5 1
3 5
5 0
2 5
5 0
3 5
5 4
0 5
5 5
0 5
5 0
5 5
5 0
3 5
5 3
2 5
5 2
4 5
5 5
0 5
5 0
1 5
5 5
4 5
5 0
0 5
5 0
2 5
5 1
2 5
5 0
5 5
5 2
1 5
5 0
4 5
5 0
0 5
5 5
1 5
5 0
0 5
5 0
0 5
5 4
2 5

29 29 29 25 29 27 27 24 29 30 29 27 26 31 24 30 25 30 27 27 30 32 26 28 21 24 26 27 26 27 27 32
30 30 27 27 24 24 24 31 27 27 31 22 27 21 28 26 35 27 28 32 30 27 29 25 31 29 28 23 29 29 30 32
