64
2
32
4
5

0 32
0 32
0 32
0 32
0 32
0 32
0 32
0 32
0 32
0 32
0 32
0 32
0 32
0 32
0 32
0 32
0 32
0 32
0 32
0 32
0 32
0 32
0 32
0 32
0 32
0 32
0 32
0 32
0 32
0 32
0 32
0 32
0 32
0 32
0 32
0 32
0 32
0 32
0 32
0 32
0 32
0 32
0 32
0 32
0 32
0 32
0 32
0 32
0 32
0 32
0 32
0 32
0 32
0 32
0 32
0 32
0 32
0 32
0 32
0 32
0 32
0 32
0 32
0 32

0 32
0 32
0 32
0 32
0 32
0 32
0 32
0 32
0 32
0 32
0 32
0 32
0 32
0 32
0 32
0 32
0 32
0 32
0 32
0 32
0 32
0 32
0 32
0 32
0 32
0 32
0 32
0 32
0 32
0 32
0 32
0 32
0 32
0 32
0 32
0 32
0 32
0 32
0 32
0 32
0 32
0 32
0 32
0 32
0 32
0 32
0 32
0 32
0 32
0 32
0 32
0 32
0 32
0 32
0 32
0 32
0 32
0 32
0 32
0 32
0 32
0 32
0 32
0 32

16 32
16 32
16 32
16 32
16 32
16 32
16 32
16 32
16 32
16 32
16 32
16 32
16 32
16 32
16 32
16 32
16 32
16 32
16 32
16 32
16 32
16 32
16 32
16 32
16 32
16 32
16 32
16 32
16 32
16 32
16 32
16 32
16 32
16 32
16 32
16 32
16 32
16 32
16 32
16 32
16 32
16 32
16 32
16 32
16 32
16 32
16 32
16 32
16 32
16 32
16 32
16 32
16 32
16 32
16 32
16 32
16 32
16 32
16 32
16 32
16 32
16 32
16 32
16 32

5 3
1 5
5 0
0 5
5 3
0 5
5 0
4 5
5 2
5 5
5 3
5 5
5 1
0 5
5 5
0 5
5 4
0 5
5 0
0 5
5 5
2 5
5 0
2 5
5 0
3 5
5 0
4 5
5 0
0 5
5 2
3 5
5 3
3 5
5 2
5 5
5 0
3 5
5 1
4 5
5 0
2 5
5 5
0 5
5 1
4 5
5 1
1 5
5 0
0 5
5 0
2 5
5 0
4 5
5 0
2 5
5 3
0 5
5 2
1 5
5 2
3 5
5 2
5 5

29 30 27 31 28 27 27 32 23 33 33 28 34 28 32 35 25 24 26 30 22 23 28 25 25 29 31 32 29 30 29 39
32 29 27 21 26 25 29 25 30 24 24 27 25 30 21 19 28 28 31 26 31 30 26 27 27 23 23 26 31 32 34 25
