64
2
32
4
5

0 32
0 32
0 32
0 32
0 32
0 32
0 32
0 32
0 32
0 32
0 32
0 32
0 32
0 32
0 32
0 32
0 32
0 32
0 32
0 32
0 32
0 32
0 32
0 32
0 32
0 32
0 32
0 32
0 32
0 32
0 32
0 32
0 32
0 32
0 32
0 32
0 32
0 32
0 32
0 32
0 32
0 32
0 32
0 32
0 32
0 32
0 32
0 32
0 32
0 32
0 32
0 32
0 32
0 32
0 32
0 32
0 32
0 32
0 32
0 32
0 32
0 32
0 32
0 32

0 32
0 32
0 32
0 32
0 32
0 32
0 32
0 32
0 32
0 32
0 32
0 32
0 32
0 32
0 32
0 32
0 32
0 32
0 32
0 32
0 32
0 32
0 32
0 32
0 32
0 32
0 32
0 32
0 32
0 32
0 32
0 32
0 32
0 32
0 32
0 32
0 32
0 32
0 32
0 32
0 32
0 32
0 32
0 32
0 32
0 32
0 32
0 32
0 32
0 32
0 32
0 32
0 32
0 32
0 32
0 32
0 32
0 32
0 32
0 32
0 32
0 32
0 32
0 32

16 32
16 32
16 32
16 32
16 32
16 32
16 32
16 32
16 32
16 32
16 32
16 32
16 32
16 32
16 32
16 32
16 32
16 32
16 32
16 32
16 32
16 32
16 32
16 32
16 32
16 32
16 32
16 32
16 32
16 32
16 32
16 32
16 32
16 32
16 32
16 32
16 32
16 32
16 32
16 32
16 32
16 32
16 32
16 32
16 32
16 32
16 32
16 32
16 32
16 32
16 32
16 32
16 32
16 32
16 32
16 32
16 32
16 32
16 32
16 32
16 32
16 32
16 32
16 32

5 3
4 5
5 5
1 5
5 0
2 5
5 4
2 5
5 3
4 5
5 3
5 5
5 3
0 5
5 0
4 5
5 1
0 5
5 5
5 5
5 0
5 5
5 0
2 5
5 0
0 5
5 0
0 5
5 3
0 5
5 0
0 5
5 2
0 5
5 2
0 5
5 0
0 5
5 5
3 5
5 2
5 5
5 4
0 5
5 0
4 5
5 3
3 5
5 0
0 5
5 0
2 5
5 3
4 5
5 0
4 5
5 3
0 5
5 1
5 5
5 0
3 5
5 0
0 5

25 29 23 22 26 31 29 32 29 33 33 29 30 30 27 32 30 25 31 25 21 32 29 25 31 29 29 21 25 32 36 37
36 29 30 24 26 21 25 23 29 25 24 23 19 25 30 28 29 30 23 26 26 22 27 29 28 26 26 30 28 25 26 27
