64
2
32
4
5

0 32
0 32
0 32
0 32
0 32
0 32
0 32
0 32
0 32
0 32
0 32
0 32
0 32
0 32
0 32
0 32
0 32
0 32
0 32
0 32
0 32
0 32
0 32
0 32
0 32
0 32
0 32
0 32
0 32
0 32
0 32
0 32
0 32
0 32
0 32
0 32
0 32
0 32
0 32
0 32
0 32
0 32
0 32
0 32
0 32
0 32
0 32
0 32
0 32
0 32
0 32
0 32
0 32
0 32
0 32
0 32
0 32
0 32
0 32
0 32
0 32
0 32
0 32
0 32

0 32
0 32
0 32
0 32
0 32
0 32
0 32
0 32
0 32
0 32
0 32
0 32
0 32
0 32
0 32
0 32
0 32
0 32
0 32
0 32
0 32
0 32
0 32
0 32
0 32
0 32
0 32
0 32
0 32
0 32
0 32
0 32
0 32
0 32
0 32
0 32
0 32
0 32
0 32
0 32
0 32
0 32
0 32
0 32
0 32
0 32
0 32
0 32
0 32
0 32
0 32
0 32
0 32
0 32
0 32
0 32
0 32
0 32
0 32
0 32
0 32
0 32
0 32
0 32

16 32
16 32
16 32
16 32
16 32
16 32
16 32
16 32
16 32
16 32
16 32
16 32
16 32
16 32
16 32
16 32
16 32
16 32
16 32
16 32
16 32
16 32
16 32
16 32
16 32
16 32
16 32
16 32
16 32
16 32
16 32
16 32
16 32
16 32
16 32
16 32
16 32
16 32
16 32
16 32
16 32
16 32
16 32
16 32
16 32
16 32
16 32
16 32
16 32
16 32
16 32
16 32
16 32
16 32
16 32
16 32
16 32
16 32
16 32
16 32
16 32
16 32
16 32
16 32

5 2
0 5
5 0
2 5
5 5
4 5
5 4
5 5
5 0
3 5
5 2
0 5
5 5
2 5
5 3
1 5
5 5
0 5
5 0
4 5
5 0
3 5
5 0
1 5
5 0
1 5
5 3
4 5
5 0
4 5
5 1
0 5
5 3
0 5
5 2
1 5
5 0
1 5
5 2
0 5
5 1
3 5
5 0
0 5
5 0
1 5
5 4
0 5
5 0
0 5
5 4
3 5
5 0
4 5
5 0
1 5
5 0
0 5
5 3
3 5
5 4
0 5
5 3
3 5

35 31 31 28 29 26 34 25 29 28 31 24 31 27 24 29 31 33 27 25 31 25 32 23 29 26 25 28 36 31 27 33
25 28 24 25 27 27 21 30 22 23 25 27 26 28 29 27 21 24 27 31 27 30 25 29 25 28 26 21 16 26 27 31
