64
2
32
4
5

0 32
0 32
0 32
0 32
0 32
0 32
0 32
0 32
0 32
0 32
0 32
0 32
0 32
0 32
0 32
0 32
0 32
0 32
0 32
0 32
0 32
0 32
0 32
0 32
0 32
0 32
0 32
0 32
0 32
0 32
0 32
0 32
0 32
0 32
0 32
0 32
0 32
0 32
0 32
0 32
0 32
0 32
0 32
0 32
0 32
0 32
0 32
0 32
0 32
0 32
0 32
0 32
0 32
0 32
0 32
0 32
0 32
0 32
0 32
0 32
0 32
0 32
0 32
0 32

0 32
0 32
0 32
0 32
0 32
0 32
0 32
0 32
0 32
0 32
0 32
0 32
0 32
0 32
0 32
0 32
0 32
0 32
0 32
0 32
0 32
0 32
0 32
0 32
0 32
0 32
0 32
0 32
0 32
0 32
0 32
0 32
0 32
0 32
0 32
0 32
0 32
0 32
0 32
0 32
0 32
0 32
0 32
0 32
0 32
0 32
0 32
0 32
0 32
0 32
0 32
0 32
0 32
0 32
0 32
0 32
0 32
0 32
0 32
0 32
0 32
0 32
0 32
0 32

16 32
16 32
16 32
16 32
16 32
16 32
16 32
16 32
16 32
16 32
16 32
16 32
16 32
16 32
16 32
16 32
16 32
16 32
16 32
16 32
16 32
16 32
16 32
16 32
16 32
16 32
16 32
16 32
16 32
16 32
16 32
16 32
16 32
16 32
16 32
16 32
16 32
16 32
16 32
16 32
16 32
16 32
16 32
16 32
16 32
16 32
16 32
16 32
16 32
16 32
16 32
16 32
16 32
16 32
16 32
16 32
16 32
16 32
16 32
16 32
16 32
16 32
16 32
16 32

5 0
3 5
5 3
2 5
5 0
0 5
5 3
5 5
5 4
3 5
5 2
1 5
5 0
4 5
5 4
0 5
5 4
0 5
5 0
0 5
5 0
1 5
5 0
4 5
5 0
0 5
5 5
4 5
5 2
0 5
5 4
0 5
5 0
0 5
5 0
5 5
5 3
3 5
5 0
4 5
5 2
0 5
5 2
0 5
5 3
3 5
5 5
0 5
5 0
3 5
5 1
0 5
5 0
0 5
5 0
1 5
5 3
2 5
5 0
3 5
5 4
2 5
5 0
0 5

28 28 21 26 29 23 17 25 28 33 26 27 26 22 30 21 32 29 31 31 28 27 32 23 26 28 29 27 25 24 30 40
29 31 35 27 26 32 33 29 25 21 31 28 29 33 26 33 25 29 26 27 27 25 22 24 29 27 25 30 32 33 28 24
