64
2
32
4
5

0 32
0 32
0 32
0 32
0 32
0 32
0 32
0 32
0 32
0 32
0 32
0 32
0 32
0 32
0 32
0 32
0 32
0 32
0 32
0 32
0 32
0 32
0 32
0 32
0 32
0 32
0 32
0 32
0 32
0 32
0 32
0 32
0 32
0 32
0 32
0 32
0 32
0 32
0 32
0 32
0 32
0 32
0 32
0 32
0 32
0 32
0 32
0 32
0 32
0 32
0 32
0 32
0 32
0 32
0 32
0 32
0 32
0 32
0 32
0 32
0 32
0 32
0 32
0 32

0 32
0 32
0 32
0 32
0 32
0 32
0 32
0 32
0 32
0 32
0 32
0 32
0 32
0 32
0 32
0 32
0 32
0 32
0 32
0 32
0 32
0 32
0 32
0 32
0 32
0 32
0 32
0 32
0 32
0 32
0 32
0 32
0 32
0 32
0 32
0 32
0 32
0 32
0 32
0 32
0 32
0 32
0 32
0 32
0 32
0 32
0 32
0 32
0 32
0 32
0 32
0 32
0 32
0 32
0 32
0 32
0 32
0 32
0 32
0 32
0 32
0 32
0 32
0 32

16 32
16 32
16 32
16 32
16 32
16 32
16 32
16 32
16 32
16 32
16 32
16 32
16 32
16 32
16 32
16 32
16 32
16 32
16 32
16 32
16 32
16 32
16 32
16 32
16 32
16 32
16 32
16 32
16 32
16 32
16 32
16 32
16 32
16 32
16 32
16 32
16 32
16 32
16 32
16 32
16 32
16 32
16 32
16 32
16 32
16 32
16 32
16 32
16 32
16 32
16 32
16 32
16 32
16 32
16 32
16 32
16 32
16 32
16 32
16 32
16 32
16 32
16 32
16 32

5 3
1 5
5 1
1 5
5 2
1 5
5 1
1 5
5 0
3 5
5 1
0 5
5 2
0 5
5 3
0 5
5 5
4 5
5 2
0 5
5 2
1 5
5 0
4 5
5 0
5 5
5 0
0 5
5 1
2 5
5 0
3 5
5 0
1 5
5 2
5 5
5 5
2 5
5 3
0 5
5 2
3 5
5 5
4 5
5 0
1 5
5 3
0 5
5 0
4 5
5 0
0 5
5 4
4 5
5 0
0 5
5 0
4 5
5 0
3 5
5 5
0 5
5 0
4 5

27 32 30 28 28 30 25 22 28 29 31 24 21 26 19 29 30 30 27 29 24 26 23 24 27 28 24 31 23 30 32 38
27 28 25 23 27 29 34 30 25 25 19 24 31 24 32 21 25 27 26 20 26 20 28 27 26 23 25 18 26 18 30 26
