64
2
32
4
5

0 32
0 32
0 32
0 32
0 32
0 32
0 32
0 32
0 32
0 32
0 32
0 32
0 32
0 32
0 32
0 32
0 32
0 32
0 32
0 32
0 32
0 32
0 32
0 32
0 32
0 32
0 32
0 32
0 32
0 32
0 32
0 32
0 32
0 32
0 32
0 32
0 32
0 32
0 32
0 32
0 32
0 32
0 32
0 32
0 32
0 32
0 32
0 32
0 32
0 32
0 32
0 32
0 32
0 32
0 32
0 32
0 32
0 32
0 32
0 32
0 32
0 32
0 32
0 32

0 32
0 32
0 32
0 32
0 32
0 32
0 32
0 32
0 32
0 32
0 32
0 32
0 32
0 32
0 32
0 32
0 32
0 32
0 32
0 32
0 32
0 32
0 32
0 32
0 32
0 32
0 32
0 32
0 32
0 32
0 32
0 32
0 32
0 32
0 32
0 32
0 32
0 32
0 32
0 32
0 32
0 32
0 32
0 32
0 32
0 32
0 32
0 32
0 32
0 32
0 32
0 32
0 32
0 32
0 32
0 32
0 32
0 32
0 32
0 32
0 32
0 32
0 32
0 32

16 32
16 32
16 32
16 32
16 32
16 32
16 32
16 32
16 32
16 32
16 32
16 32
16 32
16 32
16 32
16 32
16 32
16 32
16 32
16 32
16 32
16 32
16 32
16 32
16 32
16 32
16 32
16 32
16 32
16 32
16 32
16 32
16 32
16 32
16 32
16 32
16 32
16 32
16 32
16 32
16 32
16 32
16 32
16 32
16 32
16 32
16 32
16 32
16 32
16 32
16 32
16 32
16 32
16 32
16 32
16 32
16 32
16 32
16 32
16 32
16 32
16 32
16 32
16 32

5 0
3 5
5 4
0 5
5 4
0 5
5 3
4 5
5 0
0 5
5 0
4 5
5 2
0 5
5 4
3 5
5 1
5 5
5 1
3 5
5 0
0 5
5 0
3 5
5 0
5 5
5 5
3 5
5 5
4 5
5 2
0 5
5 3
1 5
5 0
4 5
5 0
0 5
5 2
3 5
5 0
3 5
5 4
4 5
5 0
5 5
5 2
0 5
5 2
0 5
5 1
0 5
5 4
0 5
5 0
1 5
5 0
4 5
5 0
0 5
5 0
0 5
5 0
2 5

28 25 25 23 27 29 33 32 30 25 29 25 23 31 28 30 26 31 29 30 36 28 23 24 23 24 25 25 28 29 27 33
27 27 23 24 28 28 25 29 27 27 22 26 27 21 25 24 25 27 29 26 21 23 30 24 27 23 21 24 26 23 30 24
