128
16
32
4
5

0 32
0 32
0 32
0 32
0 32
0 32
0 32
0 32
0 32
0 32
0 32
0 32
0 32
0 32
0 32
0 32
0 32
0 32
0 32
0 32
0 32
0 32
0 32
0 32
0 32
0 32
0 32
0 32
0 32
0 32
0 32
0 32
0 32
0 32
0 32
0 32
0 32
0 32
0 32
0 32
0 32
0 32
0 32
0 32
0 32
0 32
0 32
0 32
0 32
0 32
0 32
0 32
0 32
0 32
0 32
0 32
0 32
0 32
0 32
0 32
0 32
0 32
0 32
0 32
0 32
0 32
0 32
0 32
0 32
0 32
0 32
0 32
0 32
0 32
0 32
0 32
0 32
0 32
0 32
0 32
0 32
0 32
0 32
0 32
0 32
0 32
0 32
0 32
0 32
0 32
0 32
0 32
0 32
0 32
0 32
0 32
0 32
0 32
0 32
0 32
0 32
0 32
0 32
0 32
0 32
0 32
0 32
0 32
0 32
0 32
0 32
0 32
0 32
0 32
0 32
0 32
0 32
0 32
0 32
0 32
0 32
0 32
0 32
0 32
0 32
0 32
0 32
0 32

0 32
0 32
0 32
0 32
0 32
0 32
0 32
0 32
0 32
0 32
0 32
0 32
0 32
0 32
0 32
0 32
0 32
0 32
0 32
0 32
0 32
0 32
0 32
0 32
0 32
0 32
0 32
0 32
0 32
0 32
0 32
0 32
0 32
0 32
0 32
0 32
0 32
0 32
0 32
0 32
0 32
0 32
0 32
0 32
0 32
0 32
0 32
0 32
0 32
0 32
0 32
0 32
0 32
0 32
0 32
0 32
0 32
0 32
0 32
0 32
0 32
0 32
0 32
0 32
0 32
0 32
0 32
0 32
0 32
0 32
0 32
0 32
0 32
0 32
0 32
0 32
0 32
0 32
0 32
0 32
0 32
0 32
0 32
0 32
0 32
0 32
0 32
0 32
0 32
0 32
0 32
0 32
0 32
0 32
0 32
0 32
0 32
0 32
0 32
0 32
0 32
0 32
0 32
0 32
0 32
0 32
0 32
0 32
0 32
0 32
0 32
0 32
0 32
0 32
0 32
0 32
0 32
0 32
0 32
0 32
0 32
0 32
0 32
0 32
0 32
0 32
0 32
0 32

16 32
16 32
16 32
16 32
16 32
16 32
16 32
16 32
16 32
16 32
16 32
16 32
16 32
16 32
16 32
16 32
16 32
16 32
16 32
16 32
16 32
16 32
16 32
16 32
16 32
16 32
16 32
16 32
16 32
16 32
16 32
16 32
16 32
16 32
16 32
16 32
16 32
16 32
16 32
16 32
16 32
16 32
16 32
16 32
16 32
16 32
16 32
16 32
16 32
16 32
16 32
16 32
16 32
16 32
16 32
16 32
16 32
16 32
16 32
16 32
16 32
16 32
16 32
16 32
16 32
16 32
16 32
16 32
16 32
16 32
16 32
16 32
16 32
16 32
16 32
16 32
16 32
16 32
16 32
16 32
16 32
16 32
16 32
16 32
16 32
16 32
16 32
16 32
16 32
16 32
16 32
16 32
16 32
16 32
16 32
16 32
16 32
16 32
16 32
16 32
16 32
16 32
16 32
16 32
16 32
16 32
16 32
16 32
16 32
16 32
16 32
16 32
16 32
16 32
16 32
16 32
16 32
16 32
16 32
16 32
16 32
16 32
16 32
16 32
16 32
16 32
16 32
16 32

5 0 0 0 0 4 0 0 1 0 0 0 0 0 5 0
5 5 0 0 1 0 0 0 0 0 2 0 0 0 0 0
0 0 5 0 0 0 0 0 0 0 0 0 0 0 0 0
0 0 3 5 0 0 0 2 0 5 4 0 0 2 0 0
0 0 0 0 5 0 0 0 0 0 0 0 0 0 0 0
3 0 0 0 1 5 0 0 0 0 4 0 0 0 0 0
1 0 0 0 3 0 5 0 0 5 0 0 3 0 0 0
0 0 0 0 0 0 0 5 0 0 0 0 0 0 0 0
0 0 0 0 0 0 0 0 5 0 0 0 0 0 0 0
0 0 0 0 0 0 0 0 0 5 0 0 0 0 0 0
0 0 0 0 4 0 0 1 5 0 5 0 0 0 0 0
0 0 0 0 0 0 0 0 0 0 4 5 3 0 4 0
0 0 0 0 0 0 0 5 0 0 0 0 5 0 0 0
0 0 0 0 0 0 0 0 0 0 0 0 0 5 0 0
0 0 0 5 0 0 0 0 0 0 2 5 5 3 5 0
0 0 0 0 0 0 0 0 0 0 0 0 0 0 0 5
5 5 0 5 5 0 0 0 1 0 0 0 0 0 0 0
0 5 0 0 0 3 0 2 0 2 0 0 0 0 0 0
0 0 5 0 0 0 0 0 0 2 0 0 0 0 4 0
0 0 4 5 0 2 0 0 0 4 0 0 0 0 0 0
0 0 0 0 5 0 0 0 0 0 0 0 0 0 0 0
0 0 0 0 0 5 0 0 0 0 0 0 0 0 0 0
0 0 0 0 0 0 5 0 0 0 0 0 0 0 0 0
3 0 3 0 0 0 0 5 0 0 0 0 0 0 0 0
0 0 0 0 0 5 0 0 5 0 1 0 0 0 3 1
0 0 0 0 0 4 0 0 3 5 0 0 3 0 0 0
0 0 0 0 0 0 0 0 2 1 5 0 0 0 0 0
0 0 0 2 0 0 0 0 0 0 0 5 0 2 0 0
4 0 0 0 0 0 0 0 0 0 0 1 5 0 4 0
0 0 0 0 0 3 0 0 4 5 0 4 0 5 0 5
0 3 0 0 0 0 0 0 0 0 0 0 0 0 5 0
0 0 0 0 0 0 0 0 0 0 0 0 0 0 0 5
5 0 0 0 0 0 0 0 0 4 0 0 0 4 0 0
0 5 0 0 0 0 0 0 0 0 0 0 0 0 0 0
0 0 5 3 0 4 2 0 0 0 0 0 5 0 0 0
0 0 5 5 0 0 0 5 0 0 0 0 0 0 0 0
0 0 0 0 5 0 0 0 0 0 5 4 0 0 0 1
0 0 0 0 0 5 0 0 0 3 5 0 0 0 0 0
0 0 0 0 1 2 5 0 0 3 0 0 0 0 0 0
0 0 0 2 1 0 0 5 0 0 0 0 0 0 0 4
0 0 0 0 0 0 0 0 5 0 0 0 0 0 0 0
5 3 0 0 0 0 0 0 0 5 4 0 0 0 0 0
0 0 0 0 0 0 0 0 0 0 5 0 0 0 0 0
0 0 0 4 0 0 0 0 0 0 3 5 0 0 5 0
0 5 0 0 0 0 0 0 0 0 2 0 5 0 0 0
0 0 0 0 0 0 0 0 0 1 0 0 0 5 0 0
0 0 0 0 0 0 0 0 0 0 2 0 2 3 5 1
0 0 0 0 0 0 0 0 0 0 0 0 0 0 0 5
5 0 0 0 0 0 0 0 0 0 0 0 0 0 0 0
0 5 4 0 0 0 0 0 0 4 0 3 0 0 5 0
0 0 5 0 0 0 0 0 1 0 0 0 4 0 0 0
0 4 0 5 0 0 1 0 0 0 0 2 0 0 0 0
0 0 0 0 5 2 5 0 0 0 0 0 0 4 3 0
5 0 0 0 0 5 0 0 0 0 4 1 0 2 4 0
0 0 0 0 0 0 5 0 0 0 1 0 0 0 0 0
0 0 0 0 0 0 0 5 0 0 0 0 4 1 5 0
1 0 0 0 0 0 4 0 5 0 0 0 0 0 0 0
0 0 0 3 0 0 0 3 0 5 5 0 0 0 0 4
0 0 0 0 0 0 0 0 0 0 5 0 0 0 0 0
0 0 0 0 0 0 0 0 0 0 0 5 0 0 0 0
0 0 2 0 0 0 0 0 0 0 3 5 5 0 5 0
0 5 0 0 0 0 0 3 0 0 0 0 0 5 2 0
0 1 0 0 0 0 0 2 0 2 0 0 0 0 5 0
0 0 0 0 0 0 0 0 0 0 0 0 0 0 0 5
5 0 0 0 0 0 0 0 0 0 0 0 0 0 0 0
0 5 0 0 0 0 0 0 0 0 0 0 0 0 0 0
0 3 5 0 0 0 0 4 0 0 3 0 0 3 4 0
0 0 5 5 0 0 0 0 3 0 0 0 0 1 0 0
0 0 0 0 5 0 0 0 0 0 0 0 0 0 0 0
0 0 1 0 2 5 0 0 2 0 0 0 0 0 1 0
0 2 0 4 0 0 5 2 0 4 0 0 0 0 0 0
0 0 0 0 0 0 0 5 0 0 0 0 0 0 0 0
0 0 0 0 0 0 0 0 5 5 0 0 0 0 0 0
0 0 0 0 1 0 0 0 5 5 4 0 0 0 0 0
2 0 0 0 0 0 0 0 0 0 5 3 0 2 0 0
0 0 0 0 0 0 0 0 0 0 0 5 0 0 0 0
0 3 0 0 0 0 0 0 0 0 0 3 5 0 0 0
0 0 5 0 0 2 0 0 0 0 4 0 0 5 0 0
0 0 0 0 0 0 0 0 2 0 0 0 4 1 5 0
0 0 2 0 0 0 0 1 0 0 0 0 0 0 0 5
5 0 0 0 0 0 4 0 5 0 0 0 0 5 0 0
4 5 0 0 0 3 0 0 0 0 0 0 0 0 4 0
0 0 5 0 4 0 1 0 0 3 0 0 0 0 0 0
0 0 0 5 0 0 0 0 0 0 0 0 0 0 0 0
0 0 0 0 5 0 0 0 0 0 0 0 0 0 0 0
0 0 0 0 0 5 0 0 0 0 0 0 0 0 0 0
0 0 3 0 5 0 5 0 0 0 0 0 0 0 3 0
0 0 1 0 0 0 0 5 0 0 3 0 4 2 0 0
0 2 0 0 0 0 0 0 5 5 0 0 0 0 0 5
0 0 1 0 0 0 0 0 0 5 1 0 1 0 0 0
0 0 0 0 0 0 0 0 0 0 5 0 0 0 0 0
2 0 0 0 3 5 0 0 0 0 0 5 5 1 0 0
0 0 0 0 0 0 3 0 0 2 0 0 5 0 0 0
4 0 0 0 0 0 0 0 4 0 0 0 0 5 0 0
4 0 0 0 0 0 0 0 0 0 0 0 0 0 5 0
0 0 0 3 5 0 0 0 0 0 0 5 0 0 0 5
5 0 0 0 0 0 0 0 0 0 0 0 0 0 0 0
0 5 0 0 0 0 0 0 0 0 0 0 0 0 0 0
0 0 5 0 0 0 0 0 0 0 0 4 0 0 5 0
0 0 0 5 0 0 0 0 3 0 2 0 3 0 0 0
0 0 2 0 5 0 0 0 0 0 3 4 0 4 0 0
0 0 0 0 0 5 5 0 0 0 0 0 0 0 3 0
0 0 0 0 0 0 5 0 0 0 0 0 0 1 0 0
0 0 0 4 0 0 0 5 0 0 0 0 0 4 0 2
0 0 0 0 0 0 0 4 5 0 0 0 3 0 0 0
0 0 0 0 0 0 0 0 0 5 0 0 0 0 0 0
0 0 0 0 0 0 0 0 0 0 5 0 0 0 0 0
0 0 0 0 0 0 3 0 2 0 0 5 2 3 0 0
5 0 0 0 0 0 0 5 0 0 0 0 5 4 2 0
0 0 5 0 0 0 0 4 2 0 0 0 0 5 1 1
0 0 0 0 0 2 1 0 0 0 0 0 0 0 5 0
0 0 0 0 0 0 0 0 0 0 0 0 0 0 0 5
5 0 0 0 0 4 0 0 0 0 0 1 0 0 0 4
0 5 0 0 0 0 0 0 0 0 0 0 0 0 0 0
0 0 5 1 0 0 0 0 0 0 0 0 2 0 0 2
0 0 0 5 0 0 0 5 0 4 0 4 0 3 0 0
0 0 0 0 5 0 5 4 3 0 0 2 0 0 0 3
0 0 0 0 0 5 0 0 0 0 0 0 0 0 0 0
0 0 0 0 0 0 5 0 0 0 0 0 0 0 0 0
0 0 0 0 0 0 0 5 0 0 0 0 0 0 0 0
0 0 0 0 0 1 3 4 5 0 0 0 0 0 0 1
0 0 1 0 5 0 0 0 0 5 0 1 0 0 0 0
0 0 0 0 0 0 0 0 0 0 5 0 0 0 0 0
0 0 0 0 0 0 0 0 0 0 0 5 0 0 0 0
0 0 0 0 0 0 0 0 0 0 0 2 5 0 5 0
0 3 0 2 0 4 0 0 5 0 0 0 0 5 0 0
0 0 0 0 0 0 0 0 0 0 0 0 0 0 5 0
0 0 0 2 0 0 0 0 0 2 0 2 3 0 0 5

7 8 2 4 9 8 9 6 7 7 9 8 4 7 10 6 5 7 6 5 7 6 7 7 8 7 8 5 5 6 9 9
5 6 6 6 6 5 7 7 6 6 4 2 6 8 7 9 5 11 7 5 8 8 8 5 5 9 5 6 6 7 4 10
8 3 5 3 6 5 6 6 7 9 3 6 6 3 8 5 8 2 8 7 4 6 6 5 7 6 5 5 3 3 5 6
5 4 4 5 6 3 4 4 6 6 8 3 2 6 5 3 2 3 1 4 3 6 4 6 6 3 4 3 7 5 5 5
7 8 9 5 3 5 4 6 5 10 6 5 4 8 6 7 6 8 6 7 7 6 3 5 8 10 6 6 7 9 5 7
5 8 7 8 8 10 7 6 9 8 5 5 5 4 4 5 8 3 7 7 9 8 9 8 5 12 6 4 6 10 6 8
6 5 7 6 6 7 8 4 7 3 5 10 4 5 7 7 10 5 2 6 2 4 3 4 5 5 10 7 8 5 7 6
9 4 7 7 5 10 7 9 4 5 7 4 10 7 4 4 9 8 7 7 9 5 8 4 6 5 5 11 9 9 7 9
9 8 9 6 8 4 7 8 7 7 6 7 8 5 5 9 6 8 8 4 4 6 4 7 4 4 5 12 9 9 11 6
6 6 7 8 6 6 8 8 3 9 8 8 9 8 6 7 6 8 9 9 7 5 9 5 5 9 9 5 7 4 8 7
10 9 11 12 6 9 9 10 11 9 8 7 5 11 9 11 13 11 10 12 9 6 7 9 12 4 5 4 7 10 9 9
6 7 7 2 9 8 9 8 12 6 8 7 5 5 4 6 8 11 5 5 5 3 13 8 4 5 12 7 5 6 10 12
7 8 5 8 6 2 2 6 8 2 1 8 6 1 2 5 4 5 7 4 4 1 4 2 11 5 7 8 4 5 4 2
7 7 6 4 4 6 7 3 6 4 6 5 5 8 9 6 7 8 8 4 6 8 2 6 3 5 6 9 11 3 6 9
9 10 7 8 9 6 7 4 4 6 7 5 6 4 6 5 5 5 6 7 4 8 1 6 8 6 7 2 8 6 7 10
7 7 8 6 6 10 7 10 8 4 6 6 8 7 9 9 4 4 5 6 6 7 8 8 5 8 4 6 6 9 8 7
