64
2
32
4
5

0 32
0 32
0 32
0 32
0 32
0 32
0 32
0 32
0 32
0 32
0 32
0 32
0 32
0 32
0 32
0 32
0 32
0 32
0 32
0 32
0 32
0 32
0 32
0 32
0 32
0 32
0 32
0 32
0 32
0 32
0 32
0 32
0 32
0 32
0 32
0 32
0 32
0 32
0 32
0 32
0 32
0 32
0 32
0 32
0 32
0 32
0 32
0 32
0 32
0 32
0 32
0 32
0 32
0 32
0 32
0 32
0 32
0 32
0 32
0 32
0 32
0 32
0 32
0 32

0 32
0 32
0 32
0 32
0 32
0 32
0 32
0 32
0 32
0 32
0 32
0 32
0 32
0 32
0 32
0 32
0 32
0 32
0 32
0 32
0 32
0 32
0 32
0 32
0 32
0 32
0 32
0 32
0 32
0 32
0 32
0 32
0 32
0 32
0 32
0 32
0 32
0 32
0 32
0 32
0 32
0 32
0 32
0 32
0 32
0 32
0 32
0 32
0 32
0 32
0 32
0 32
0 32
0 32
0 32
0 32
0 32
0 32
0 32
0 32
0 32
0 32
0 32
0 32

16 32
16 32
16 32
16 32
16 32
16 32
16 32
16 32
16 32
16 32
16 32
16 32
16 32
16 32
16 32
16 32
16 32
16 32
16 32
16 32
16 32
16 32
16 32
16 32
16 32
16 32
16 32
16 32
16 32
16 32
16 32
16 32
16 32
16 32
16 32
16 32
16 32
16 32
16 32
16 32
16 32
16 32
16 32
16 32
16 32
16 32
16 32
16 32
16 32
16 32
16 32
16 32
16 32
16 32
16 32
16 32
16 32
16 32
16 32
16 32
16 32
16 32
16 32
16 32

5 5
4 5
5 0
0 5
5 0
3 5
5 0
0 5
5 0
3 5
5 0
5 5
5 0
1 5
5 3
0 5
5 0
3 5
5 0
2 5
5 0
0 5
5 0
0 5
5 5
0 5
5 0
2 5
5 5
0 5
5 5
2 5
5 1
2 5
5 1
0 5
5 0
1 5
5 4
4 5
5 0
4 5
5 0
4 5
5 0
2 5
5 2
5 5
5 1
4 5
5 1
0 5
5 4
5 5
5 0
0 5
5 0
0 5
5 3
1 5
5 0
5 5
5 5
0 5

32 35 38 35 34 30 30 31 28 32 25 28 34 30 29 28 28 28 27 30 25 27 21 30 27 27 33 24 27 27 33 36
31 23 19 25 24 25 29 24 27 23 27 23 23 24 26 29 25 29 28 22 20 22 22 23 30 31 24 28 23 25 22 25
