64
2
32
4
5

0 32
0 32
0 32
0 32
0 32
0 32
0 32
0 32
0 32
0 32
0 32
0 32
0 32
0 32
0 32
0 32
0 32
0 32
0 32
0 32
0 32
0 32
0 32
0 32
0 32
0 32
0 32
0 32
0 32
0 32
0 32
0 32
0 32
0 32
0 32
0 32
0 32
0 32
0 32
0 32
0 32
0 32
0 32
0 32
0 32
0 32
0 32
0 32
0 32
0 32
0 32
0 32
0 32
0 32
0 32
0 32
0 32
0 32
0 32
0 32
0 32
0 32
0 32
0 32

0 32
0 32
0 32
0 32
0 32
0 32
0 32
0 32
0 32
0 32
0 32
0 32
0 32
0 32
0 32
0 32
0 32
0 32
0 32
0 32
0 32
0 32
0 32
0 32
0 32
0 32
0 32
0 32
0 32
0 32
0 32
0 32
0 32
0 32
0 32
0 32
0 32
0 32
0 32
0 32
0 32
0 32
0 32
0 32
0 32
0 32
0 32
0 32
0 32
0 32
0 32
0 32
0 32
0 32
0 32
0 32
0 32
0 32
0 32
0 32
0 32
0 32
0 32
0 32

16 32
16 32
16 32
16 32
16 32
16 32
16 32
16 32
16 32
16 32
16 32
16 32
16 32
16 32
16 32
16 32
16 32
16 32
16 32
16 32
16 32
16 32
16 32
16 32
16 32
16 32
16 32
16 32
16 32
16 32
16 32
16 32
16 32
16 32
16 32
16 32
16 32
16 32
16 32
16 32
16 32
16 32
16 32
16 32
16 32
16 32
16 32
16 32
16 32
16 32
16 32
16 32
16 32
16 32
16 32
16 32
16 32
16 32
16 32
16 32
16 32
16 32
16 32
16 32

5 1
0 5
5 0
0 5
5 4
1 5
5 0
1 5
5 5
4 5
5 4
5 5
5 0
0 5
5 2
3 5
5 5
0 5
5 1
0 5
5 0
1 5
5 5
2 5
5 0
0 5
5 2
1 5
5 3
0 5
5 5
3 5
5 0
4 5
5 1
0 5
5 4
0 5
5 4
2 5
5 3
3 5
5 5
1 5
5 0
0 5
5 5
0 5
5 0
1 5
5 1
5 5
5 4
2 5
5 1
0 5
5 0
0 5
5 3
0 5
5 3
0 5
5 5
2 5

32 24 23 25 18 20 23 18 20 27 21 20 18 21 24 26 28 31 25 24 27 24 24 23 21 22 20 29 29 31 30 26
31 37 33 21 32 24 24 31 26 26 29 31 33 29 27 28 31 25 29 28 31 31 29 29 34 31 39 31 32 27 28 35
