64
2
32
4
5

0 32
0 32
0 32
0 32
0 32
0 32
0 32
0 32
0 32
0 32
0 32
0 32
0 32
0 32
0 32
0 32
0 32
0 32
0 32
0 32
0 32
0 32
0 32
0 32
0 32
0 32
0 32
0 32
0 32
0 32
0 32
0 32
0 32
0 32
0 32
0 32
0 32
0 32
0 32
0 32
0 32
0 32
0 32
0 32
0 32
0 32
0 32
0 32
0 32
0 32
0 32
0 32
0 32
0 32
0 32
0 32
0 32
0 32
0 32
0 32
0 32
0 32
0 32
0 32

0 32
0 32
0 32
0 32
0 32
0 32
0 32
0 32
0 32
0 32
0 32
0 32
0 32
0 32
0 32
0 32
0 32
0 32
0 32
0 32
0 32
0 32
0 32
0 32
0 32
0 32
0 32
0 32
0 32
0 32
0 32
0 32
0 32
0 32
0 32
0 32
0 32
0 32
0 32
0 32
0 32
0 32
0 32
0 32
0 32
0 32
0 32
0 32
0 32
0 32
0 32
0 32
0 32
0 32
0 32
0 32
0 32
0 32
0 32
0 32
0 32
0 32
0 32
0 32

16 32
16 32
16 32
16 32
16 32
16 32
16 32
16 32
16 32
16 32
16 32
16 32
16 32
16 32
16 32
16 32
16 32
16 32
16 32
16 32
16 32
16 32
16 32
16 32
16 32
16 32
16 32
16 32
16 32
16 32
16 32
16 32
16 32
16 32
16 32
16 32
16 32
16 32
16 32
16 32
16 32
16 32
16 32
16 32
16 32
16 32
16 32
16 32
16 32
16 32
16 32
16 32
16 32
16 32
16 32
16 32
16 32
16 32
16 32
16 32
16 32
16 32
16 32
16 32

5 4
0 5
5 5
0 5
5 5
1 5
5 5
3 5
5 2
0 5
5 4
2 5
5 1
0 5
5 0
4 5
5 4
5 5
5 0
4 5
5 0
3 5
5 4
0 5
5 0
2 5
5 5
4 5
5 0
0 5
5 5
5 5
5 3
1 5
5 3
1 5
5 1
0 5
5 4
5 5
5 0
4 5
5 2
3 5
5 5
5 5
5 0
0 5
5 0
5 5
5 0
2 5
5 0
3 5
5 0
0 5
5 5
0 5
5 0
5 5
5 0
0 5
5 5
1 5

32 31 25 30 25 31 27 26 32 30 20 30 25 28 25 22 21 24 29 28 27 25 36 29 33 29 30 30 29 36 35 32
30 27 34 29 35 28 28 31 19 25 30 26 33 27 22 27 22 22 25 23 28 31 20 31 23 25 24 22 27 23 27 32
