64
2
32
4
5

0 32
0 32
0 32
0 32
0 32
0 32
0 32
0 32
0 32
0 32
0 32
0 32
0 32
0 32
0 32
0 32
0 32
0 32
0 32
0 32
0 32
0 32
0 32
0 32
0 32
0 32
0 32
0 32
0 32
0 32
0 32
0 32
0 32
0 32
0 32
0 32
0 32
0 32
0 32
0 32
0 32
0 32
0 32
0 32
0 32
0 32
0 32
0 32
0 32
0 32
0 32
0 32
0 32
0 32
0 32
0 32
0 32
0 32
0 32
0 32
0 32
0 32
0 32
0 32

0 32
0 32
0 32
0 32
0 32
0 32
0 32
0 32
0 32
0 32
0 32
0 32
0 32
0 32
0 32
0 32
0 32
0 32
0 32
0 32
0 32
0 32
0 32
0 32
0 32
0 32
0 32
0 32
0 32
0 32
0 32
0 32
0 32
0 32
0 32
0 32
0 32
0 32
0 32
0 32
0 32
0 32
0 32
0 32
0 32
0 32
0 32
0 32
0 32
0 32
0 32
0 32
0 32
0 32
0 32
0 32
0 32
0 32
0 32
0 32
0 32
0 32
0 32
0 32

16 32
16 32
16 32
16 32
16 32
16 32
16 32
16 32
16 32
16 32
16 32
16 32
16 32
16 32
16 32
16 32
16 32
16 32
16 32
16 32
16 32
16 32
16 32
16 32
16 32
16 32
16 32
16 32
16 32
16 32
16 32
16 32
16 32
16 32
16 32
16 32
16 32
16 32
16 32
16 32
16 32
16 32
16 32
16 32
16 32
16 32
16 32
16 32
16 32
16 32
16 32
16 32
16 32
16 32
16 32
16 32
16 32
16 32
16 32
16 32
16 32
16 32
16 32
16 32

5 0
4 5
5 0
2 5
5 3
4 5
5 0
5 5
5 4
0 5
5 0
0 5
5 0
0 5
5 4
2 5
5 5
0 5
5 3
0 5
5 4
5 5
5 3
0 5
5 0
0 5
5 0
1 5
5 0
0 5
5 3
0 5
5 0
2 5
5 3
0 5
5 1
0 5
5 4
1 5
5 2
0 5
5 0
0 5
5 0
1 5
5 0
1 5
5 0
3 5
5 0
2 5
5 3
3 5
5 1
1 5
5 1
3 5
5 3
0 5
5 1
0 5
5 5
3 5

30 36 30 29 26 25 27 24 28 28 25 21 21 25 27 30 27 24 34 31 29 26 25 28 26 22 25 24 29 26 27 32
29 26 20 23 29 22 22 28 21 24 21 24 29 28 29 27 32 29 20 26 24 27 27 29 25 27 20 21 27 29 28 28
