64
2
32
4
5

0 32
0 32
0 32
0 32
0 32
0 32
0 32
0 32
0 32
0 32
0 32
0 32
0 32
0 32
0 32
0 32
0 32
0 32
0 32
0 32
0 32
0 32
0 32
0 32
0 32
0 32
0 32
0 32
0 32
0 32
0 32
0 32
0 32
0 32
0 32
0 32
0 32
0 32
0 32
0 32
0 32
0 32
0 32
0 32
0 32
0 32
0 32
0 32
0 32
0 32
0 32
0 32
0 32
0 32
0 32
0 32
0 32
0 32
0 32
0 32
0 32
0 32
0 32
0 32

0 32
0 32
0 32
0 32
0 32
0 32
0 32
0 32
0 32
0 32
0 32
0 32
0 32
0 32
0 32
0 32
0 32
0 32
0 32
0 32
0 32
0 32
0 32
0 32
0 32
0 32
0 32
0 32
0 32
0 32
0 32
0 32
0 32
0 32
0 32
0 32
0 32
0 32
0 32
0 32
0 32
0 32
0 32
0 32
0 32
0 32
0 32
0 32
0 32
0 32
0 32
0 32
0 32
0 32
0 32
0 32
0 32
0 32
0 32
0 32
0 32
0 32
0 32
0 32

16 32
16 32
16 32
16 32
16 32
16 32
16 32
16 32
16 32
16 32
16 32
16 32
16 32
16 32
16 32
16 32
16 32
16 32
16 32
16 32
16 32
16 32
16 32
16 32
16 32
16 32
16 32
16 32
16 32
16 32
16 32
16 32
16 32
16 32
16 32
16 32
16 32
16 32
16 32
16 32
16 32
16 32
16 32
16 32
16 32
16 32
16 32
16 32
16 32
16 32
16 32
16 32
16 32
16 32
16 32
16 32
16 32
16 32
16 32
16 32
16 32
16 32
16 32
16 32

5 4
0 5
5 0
0 5
5 1
4 5
5 4
3 5
5 2
0 5
5 0
0 5
5 2
1 5
5 4
0 5
5 0
5 5
5 4
0 5
5 5
4 5
5 3
0 5
5 3
1 5
5 2
4 5
5 4
5 5
5 0
3 5
5 4
0 5
5 0
3 5
5 0
0 5
5 4
0 5
5 3
5 5
5 5
1 5
5 3
1 5
5 0
0 5
5 0
4 5
5 0
4 5
5 3
0 5
5 4
3 5
5 1
0 5
5 2
5 5
5 3
0 5
5 0
5 5

29 31 24 21 22 26 24 29 31 26 25 25 23 26 24 28 23 29 29 31 21 23 27 23 22 25 21 26 31 29 28 31
32 29 32 31 30 24 21 28 25 31 24 24 26 23 33 29 28 30 28 22 32 29 24 27 26 27 31 30 27 33 35 33
