64
2
32
4
5

0 32
0 32
0 32
0 32
0 32
0 32
0 32
0 32
0 32
0 32
0 32
0 32
0 32
0 32
0 32
0 32
0 32
0 32
0 32
0 32
0 32
0 32
0 32
0 32
0 32
0 32
0 32
0 32
0 32
0 32
0 32
0 32
0 32
0 32
0 32
0 32
0 32
0 32
0 32
0 32
0 32
0 32
0 32
0 32
0 32
0 32
0 32
0 32
0 32
0 32
0 32
0 32
0 32
0 32
0 32
0 32
0 32
0 32
0 32
0 32
0 32
0 32
0 32
0 32

0 32
0 32
0 32
0 32
0 32
0 32
0 32
0 32
0 32
0 32
0 32
0 32
0 32
0 32
0 32
0 32
0 32
0 32
0 32
0 32
0 32
0 32
0 32
0 32
0 32
0 32
0 32
0 32
0 32
0 32
0 32
0 32
0 32
0 32
0 32
0 32
0 32
0 32
0 32
0 32
0 32
0 32
0 32
0 32
0 32
0 32
0 32
0 32
0 32
0 32
0 32
0 32
0 32
0 32
0 32
0 32
0 32
0 32
0 32
0 32
0 32
0 32
0 32
0 32

16 32
16 32
16 32
16 32
16 32
16 32
16 32
16 32
16 32
16 32
16 32
16 32
16 32
16 32
16 32
16 32
16 32
16 32
16 32
16 32
16 32
16 32
16 32
16 32
16 32
16 32
16 32
16 32
16 32
16 32
16 32
16 32
16 32
16 32
16 32
16 32
16 32
16 32
16 32
16 32
16 32
16 32
16 32
16 32
16 32
16 32
16 32
16 32
16 32
16 32
16 32
16 32
16 32
16 32
16 32
16 32
16 32
16 32
16 32
16 32
16 32
16 32
16 32
16 32

5 0
5 5
5 4
0 5
5 3
5 5
5 3
2 5
5 5
3 5
5 1
0 5
5 1
0 5
5 4
0 5
5 0
0 5
5 0
3 5
5 5
0 5
5 3
0 5
5 5
4 5
5 0
0 5
5 0
0 5
5 4
5 5
5 4
5 5
5 4
2 5
5 0
0 5
5 0
0 5
5 1
2 5
5 3
1 5
5 3
0 5
5 0
5 5
5 0
5 5
5 3
4 5
5 0
0 5
5 4
0 5
5 1
1 5
5 2
1 5
5 3
1 5
5 1
4 5

30 25 27 21 22 30 26 22 21 25 23 24 23 26 27 22 23 23 28 11 20 22 26 25 25 21 21 25 19 24 25 29
30 28 24 31 26 25 32 32 31 29 27 27 26 24 27 31 29 25 22 39 34 30 27 31 27 31 33 28 32 27 32 35
