64
2
32
4
5

0 32
0 32
0 32
0 32
0 32
0 32
0 32
0 32
0 32
0 32
0 32
0 32
0 32
0 32
0 32
0 32
0 32
0 32
0 32
0 32
0 32
0 32
0 32
0 32
0 32
0 32
0 32
0 32
0 32
0 32
0 32
0 32
0 32
0 32
0 32
0 32
0 32
0 32
0 32
0 32
0 32
0 32
0 32
0 32
0 32
0 32
0 32
0 32
0 32
0 32
0 32
0 32
0 32
0 32
0 32
0 32
0 32
0 32
0 32
0 32
0 32
0 32
0 32
0 32

0 32
0 32
0 32
0 32
0 32
0 32
0 32
0 32
0 32
0 32
0 32
0 32
0 32
0 32
0 32
0 32
0 32
0 32
0 32
0 32
0 32
0 32
0 32
0 32
0 32
0 32
0 32
0 32
0 32
0 32
0 32
0 32
0 32
0 32
0 32
0 32
0 32
0 32
0 32
0 32
0 32
0 32
0 32
0 32
0 32
0 32
0 32
0 32
0 32
0 32
0 32
0 32
0 32
0 32
0 32
0 32
0 32
0 32
0 32
0 32
0 32
0 32
0 32
0 32

16 32
16 32
16 32
16 32
16 32
16 32
16 32
16 32
16 32
16 32
16 32
16 32
16 32
16 32
16 32
16 32
16 32
16 32
16 32
16 32
16 32
16 32
16 32
16 32
16 32
16 32
16 32
16 32
16 32
16 32
16 32
16 32
16 32
16 32
16 32
16 32
16 32
16 32
16 32
16 32
16 32
16 32
16 32
16 32
16 32
16 32
16 32
16 32
16 32
16 32
16 32
16 32
16 32
16 32
16 32
16 32
16 32
16 32
16 32
16 32
16 32
16 32
16 32
16 32

5 0
0 5
5 2
3 5
5 0
3 5
5 1
2 5
5 5
1 5
5 3
5 5
5 2
3 5
5 0
0 5
5 0
2 5
5 0
0 5
5 0
1 5
5 0
0 5
5 2
2 5
5 4
0 5
5 1
0 5
5 1
0 5
5 0
5 5
5 1
0 5
5 5
4 5
5 5
4 5
5 3
2 5
5 0
0 5
5 4
5 5
5 5
0 5
5 0
1 5
5 2
4 5
5 4
5 5
5 0
2 5
5 4
0 5
5 4
0 5
5 3
3 5
5 2
0 5

27 27 32 27 29 25 28 35 26 23 24 23 24 24 29 29 22 30 22 24 23 24 25 24 18 20 20 21 27 26 31 33
28 27 29 27 27 34 26 18 21 22 24 26 27 28 24 23 30 27 29 29 30 29 23 23 24 21 26 27 24 31 33 27
