64
2
32
4
5

0 32
0 32
0 32
0 32
0 32
0 32
0 32
0 32
0 32
0 32
0 32
0 32
0 32
0 32
0 32
0 32
0 32
0 32
0 32
0 32
0 32
0 32
0 32
0 32
0 32
0 32
0 32
0 32
0 32
0 32
0 32
0 32
0 32
0 32
0 32
0 32
0 32
0 32
0 32
0 32
0 32
0 32
0 32
0 32
0 32
0 32
0 32
0 32
0 32
0 32
0 32
0 32
0 32
0 32
0 32
0 32
0 32
0 32
0 32
0 32
0 32
0 32
0 32
0 32

0 32
0 32
0 32
0 32
0 32
0 32
0 32
0 32
0 32
0 32
0 32
0 32
0 32
0 32
0 32
0 32
0 32
0 32
0 32
0 32
0 32
0 32
0 32
0 32
0 32
0 32
0 32
0 32
0 32
0 32
0 32
0 32
0 32
0 32
0 32
0 32
0 32
0 32
0 32
0 32
0 32
0 32
0 32
0 32
0 32
0 32
0 32
0 32
0 32
0 32
0 32
0 32
0 32
0 32
0 32
0 32
0 32
0 32
0 32
0 32
0 32
0 32
0 32
0 32

16 32
16 32
16 32
16 32
16 32
16 32
16 32
16 32
16 32
16 32
16 32
16 32
16 32
16 32
16 32
16 32
16 32
16 32
16 32
16 32
16 32
16 32
16 32
16 32
16 32
16 32
16 32
16 32
16 32
16 32
16 32
16 32
16 32
16 32
16 32
16 32
16 32
16 32
16 32
16 32
16 32
16 32
16 32
16 32
16 32
16 32
16 32
16 32
16 32
16 32
16 32
16 32
16 32
16 32
16 32
16 32
16 32
16 32
16 32
16 32
16 32
16 32
16 32
16 32

5 5
3 5
5 0
5 5
5 3
0 5
5 3
1 5
5 0
2 5
5 0
0 5
5 0
5 5
5 0
0 5
5 0
0 5
5 4
0 5
5 0
2 5
5 1
1 5
5 5
3 5
5 0
1 5
5 3
0 5
5 4
0 5
5 4
2 5
5 0
0 5
5 5
2 5
5 0
1 5
5 3
5 5
5 1
0 5
5 0
0 5
5 0
1 5
5 1
4 5
5 3
2 5
5 0
2 5
5 4
5 5
5 5
0 5
5 0
0 5
5 5
0 5
5 0
2 5

32 26 32 28 32 26 22 27 31 26 29 25 29 27 29 33 25 29 29 19 23 23 25 21 27 26 32 34 26 30 35 37
30 33 29 32 30 35 31 26 21 22 26 31 27 28 23 25 27 25 25 25 26 24 24 27 25 27 23 22 33 32 25 27
