128
16
32
4
5

0 32
0 32
0 32
0 32
0 32
0 32
0 32
0 32
0 32
0 32
0 32
0 32
0 32
0 32
0 32
0 32
0 32
0 32
0 32
0 32
0 32
0 32
0 32
0 32
0 32
0 32
0 32
0 32
0 32
0 32
0 32
0 32
0 32
0 32
0 32
0 32
0 32
0 32
0 32
0 32
0 32
0 32
0 32
0 32
0 32
0 32
0 32
0 32
0 32
0 32
0 32
0 32
0 32
0 32
0 32
0 32
0 32
0 32
0 32
0 32
0 32
0 32
0 32
0 32
0 32
0 32
0 32
0 32
0 32
0 32
0 32
0 32
0 32
0 32
0 32
0 32
0 32
0 32
0 32
0 32
0 32
0 32
0 32
0 32
0 32
0 32
0 32
0 32
0 32
0 32
0 32
0 32
0 32
0 32
0 32
0 32
0 32
0 32
0 32
0 32
0 32
0 32
0 32
0 32
0 32
0 32
0 32
0 32
0 32
0 32
0 32
0 32
0 32
0 32
0 32
0 32
0 32
0 32
0 32
0 32
0 32
0 32
0 32
0 32
0 32
0 32
0 32
0 32

0 32
0 32
0 32
0 32
0 32
0 32
0 32
0 32
0 32
0 32
0 32
0 32
0 32
0 32
0 32
0 32
0 32
0 32
0 32
0 32
0 32
0 32
0 32
0 32
0 32
0 32
0 32
0 32
0 32
0 32
0 32
0 32
0 32
0 32
0 32
0 32
0 32
0 32
0 32
0 32
0 32
0 32
0 32
0 32
0 32
0 32
0 32
0 32
0 32
0 32
0 32
0 32
0 32
0 32
0 32
0 32
0 32
0 32
0 32
0 32
0 32
0 32
0 32
0 32
0 32
0 32
0 32
0 32
0 32
0 32
0 32
0 32
0 32
0 32
0 32
0 32
0 32
0 32
0 32
0 32
0 32
0 32
0 32
0 32
0 32
0 32
0 32
0 32
0 32
0 32
0 32
0 32
0 32
0 32
0 32
0 32
0 32
0 32
0 32
0 32
0 32
0 32
0 32
0 32
0 32
0 32
0 32
0 32
0 32
0 32
0 32
0 32
0 32
0 32
0 32
0 32
0 32
0 32
0 32
0 32
0 32
0 32
0 32
0 32
0 32
0 32
0 32
0 32

16 32
16 32
16 32
16 32
16 32
16 32
16 32
16 32
16 32
16 32
16 32
16 32
16 32
16 32
16 32
16 32
16 32
16 32
16 32
16 32
16 32
16 32
16 32
16 32
16 32
16 32
16 32
16 32
16 32
16 32
16 32
16 32
16 32
16 32
16 32
16 32
16 32
16 32
16 32
16 32
16 32
16 32
16 32
16 32
16 32
16 32
16 32
16 32
16 32
16 32
16 32
16 32
16 32
16 32
16 32
16 32
16 32
16 32
16 32
16 32
16 32
16 32
16 32
16 32
16 32
16 32
16 32
16 32
16 32
16 32
16 32
16 32
16 32
16 32
16 32
16 32
16 32
16 32
16 32
16 32
16 32
16 32
16 32
16 32
16 32
16 32
16 32
16 32
16 32
16 32
16 32
16 32
16 32
16 32
16 32
16 32
16 32
16 32
16 32
16 32
16 32
16 32
16 32
16 32
16 32
16 32
16 32
16 32
16 32
16 32
16 32
16 32
16 32
16 32
16 32
16 32
16 32
16 32
16 32
16 32
16 32
16 32
16 32
16 32
16 32
16 32
16 32
16 32

5 0 0 0 0 0 0 0 0 0 0 0 0 0 0 0
0 5 0 0 0 0 0 0 0 0 0 0 0 0 0 0
1 0 5 0 0 0 2 0 0 0 0 0 0 0 0 0
4 0 0 5 0 0 5 0 0 0 4 0 0 0 5 0
0 5 0 0 5 4 0 3 0 0 0 3 0 0 0 0
0 0 3 0 0 5 5 1 0 0 0 0 1 0 0 0
3 4 0 0 0 0 5 0 0 0 0 0 1 0 0 0
3 0 0 0 0 0 0 5 4 0 0 0 0 0 0 0
0 0 0 0 0 0 0 0 5 0 0 0 0 0 0 0
0 0 0 0 0 0 0 0 0 5 0 0 0 0 0 0
0 0 0 0 0 0 0 0 0 0 5 0 0 0 0 0
0 0 0 0 0 0 0 0 0 0 0 5 0 0 0 0
0 0 0 0 0 0 0 0 0 0 0 0 5 0 0 0
0 0 3 0 0 0 0 5 0 0 1 0 0 5 1 0
0 5 0 0 0 2 0 0 0 0 0 0 0 0 5 4
0 0 2 0 5 3 0 0 0 0 0 0 0 0 0 5
5 0 0 0 0 0 0 0 0 0 0 0 0 0 0 0
0 5 0 5 0 0 0 0 0 0 0 0 0 5 0 0
0 0 5 0 0 0 0 0 0 0 0 0 0 0 0 0
0 0 0 5 0 3 0 0 0 0 0 0 0 0 5 0
0 0 0 0 5 0 0 0 0 2 0 2 0 5 0 0
0 0 0 0 2 5 0 0 2 0 3 0 0 0 2 0
0 0 0 0 0 0 5 0 0 0 0 0 0 0 0 0
0 0 0 0 0 0 0 5 0 0 0 0 0 0 0 0
0 0 0 0 0 0 0 0 5 0 0 0 0 4 0 2
0 1 0 0 0 0 0 0 4 5 0 0 0 0 0 0
0 0 0 0 0 0 0 0 0 0 5 0 0 0 0 0
0 0 0 0 0 0 0 0 0 0 0 5 0 0 0 0
0 0 0 0 0 0 0 0 0 0 0 0 5 0 0 0
0 0 0 0 0 0 0 0 0 0 0 0 0 5 0 0
0 0 0 0 0 0 0 0 0 4 0 0 1 0 5 0
0 0 0 0 0 5 3 0 0 0 2 0 3 0 0 5
5 0 0 0 5 2 0 0 0 0 1 0 0 0 0 0
0 5 0 2 0 0 0 0 0 0 0 0 0 0 3 0
0 0 5 0 0 0 0 0 0 0 0 0 0 0 0 0
0 0 0 5 0 0 0 0 0 0 0 0 0 0 0 0
0 0 0 0 5 0 0 0 0 0 0 0 0 0 0 0
1 2 0 0 0 5 0 0 0 0 0 0 0 0 0 0
0 0 0 0 0 0 5 0 0 0 0 0 0 0 0 0
0 0 0 3 0 0 0 5 0 0 0 0 4 0 4 0
0 4 0 0 0 0 0 0 5 0 0 0 0 2 0 0
0 0 1 0 0 0 0 0 0 5 0 1 2 4 2 0
0 0 0 0 0 0 0 0 4 0 5 4 0 0 0 2
0 0 0 0 0 1 0 0 0 0 0 5 2 0 0 0
0 0 0 0 0 0 0 0 0 0 0 0 5 0 0 0
0 0 0 0 0 0 0 0 0 0 0 0 0 5 0 0
0 0 0 0 0 0 0 0 0 0 0 0 0 0 5 0
0 0 0 0 0 0 0 0 0 0 0 0 0 0 0 5
5 0 0 0 0 0 0 0 0 0 0 0 0 0 0 0
1 5 0 0 2 2 0 0 0 0 0 0 5 0 0 0
0 0 5 0 0 0 0 0 0 0 2 0 0 0 0 2
0 5 0 5 0 0 0 0 0 4 0 0 2 0 3 0
3 3 0 0 5 0 0 0 0 0 0 0 4 0 0 0
0 0 0 0 0 5 0 0 4 0 4 5 0 4 0 0
0 0 0 0 5 0 5 2 0 5 2 0 0 0 0 0
0 0 0 0 0 0 0 5 0 0 0 1 0 0 5 0
0 0 0 0 0 0 0 0 5 0 0 0 0 0 0 0
0 0 0 0 0 0 0 0 0 5 0 0 0 0 0 0
0 0 0 0 0 0 0 0 0 0 5 0 5 0 1 0
0 0 0 0 0 0 0 0 0 0 1 5 0 0 0 4
0 0 0 0 0 0 0 0 3 0 0 0 5 0 0 2
0 0 0 0 4 0 0 0 0 0 0 0 0 5 0 0
0 0 0 0 0 0 0 0 0 0 0 0 0 0 5 0
0 0 0 0 0 0 0 0 0 0 0 0 0 0 0 5
5 0 0 2 3 0 0 0 0 0 0 0 0 0 0 0
0 5 0 3 0 0 0 0 0 0 0 1 0 0 0 0
0 0 5 0 0 0 0 0 0 0 0 0 0 0 0 0
4 0 0 5 0 0 2 0 0 0 0 1 0 0 0 5
0 2 0 0 5 0 0 0 0 0 0 0 3 0 0 1
0 0 0 1 0 5 0 0 0 0 0 0 0 0 0 0
0 0 0 0 0 0 5 0 0 0 0 0 0 0 0 0
3 0 0 0 0 0 0 5 0 0 0 0 0 0 0 5
5 0 0 0 0 0 0 0 5 1 0 3 0 0 0 0
0 0 0 0 0 2 0 0 0 5 0 1 2 0 0 0
0 2 0 0 0 0 0 0 0 0 5 0 4 1 0 0
0 0 0 0 2 0 0 0 0 0 3 5 5 0 0 0
0 0 0 0 0 0 0 0 0 0 0 0 5 0 0 0
0 0 0 0 0 0 0 0 0 0 0 0 0 5 0 0
2 0 3 0 0 0 0 0 5 3 0 0 0 0 5 0
0 0 0 0 0 0 0 0 0 0 0 0 0 0 0 5
5 0 0 0 0 0 0 0 0 0 0 0 0 0 0 0
1 5 2 0 0 0 0 0 0 0 0 0 0 0 0 0
0 0 5 0 0 0 0 0 0 0 0 0 0 0 0 0
0 2 0 5 0 1 3 0 0 0 5 0 0 0 0 0
0 0 0 4 5 0 0 3 0 0 0 3 0 0 0 0
0 0 0 0 0 5 0 0 0 0 0 0 0 3 0 3
0 0 0 0 0 2 5 0 4 0 0 0 0 2 4 0
0 0 0 0 0 0 3 5 0 3 0 0 1 2 0 0
0 0 0 0 0 0 0 0 5 0 0 0 0 0 0 0
5 0 0 0 0 0 4 0 0 5 0 5 0 0 0 2
0 0 0 0 0 0 0 0 0 0 5 0 0 0 0 0
0 0 0 0 0 5 0 0 0 0 0 5 0 3 0 2
0 0 3 3 0 0 0 0 0 0 3 0 5 0 0 0
0 0 4 0 0 0 1 0 0 0 0 0 0 5 1 5
0 0 0 0 0 0 0 0 0 1 0 0 0 3 5 0
0 0 0 0 0 0 0 0 0 0 0 0 0 0 0 5
5 0 0 0 0 0 0 0 0 0 0 0 0 0 0 0
0 5 0 0 0 0 0 0 0 0 0 0 0 0 0 0
0 0 5 0 0 0 0 0 0 0 0 0 0 0 0 0
0 0 0 5 4 5 0 0 0 0 0 0 0 0 0 2
0 0 0 0 5 0 0 0 0 0 0 0 0 0 0 0
0 0 0 0 3 5 0 2 1 5 0 0 3 0 0 0
0 0 0 0 0 0 5 0 0 0 0 0 0 0 0 0
0 5 0 0 0 0 0 5 2 0 0 0 1 5 0 0
0 0 4 0 0 0 1 0 5 0 0 0 0 0 0 4
0 0 0 0 0 0 0 0 0 5 0 0 0 0 0 0
0 0 0 0 0 0 0 0 0 5 5 0 0 0 3 0
0 0 0 0 0 0 0 0 0 0 0 5 0 0 0 0
0 1 0 0 5 0 0 0 0 0 0 0 5 3 3 0
4 2 0 0 5 0 0 0 0 0 0 1 0 5 0 0
0 0 5 0 0 0 0 1 0 0 0 5 0 3 5 0
0 0 0 0 0 2 0 0 0 0 4 0 0 0 0 5
5 0 0 0 0 0 0 0 0 0 0 0 2 2 0 0
5 5 0 0 0 0 1 0 3 1 0 0 5 0 0 0
0 0 5 0 0 0 0 0 0 0 0 0 0 0 0 0
0 4 3 5 0 0 2 0 0 0 5 0 1 0 0 0
1 0 0 0 5 0 0 0 0 0 0 0 0 0 0 3
0 0 0 0 0 5 0 0 0 0 0 0 0 0 0 0
0 0 0 0 0 0 5 0 0 0 0 0 0 0 0 0
0 0 0 0 0 0 0 5 2 0 0 0 3 0 0 0
0 0 0 0 0 0 0 0 5 4 1 0 0 0 0 0
0 4 0 0 0 0 2 0 2 5 4 0 0 0 3 0
0 0 0 0 0 0 0 0 0 0 5 0 0 0 0 0
0 0 1 0 0 1 0 0 0 0 0 5 1 0 0 0
0 0 0 0 0 0 0 3 0 0 0 0 5 0 0 3
0 0 0 0 0 0 0 0 0 0 0 0 0 5 0 0
0 0 0 4 4 0 0 0 0 0 4 0 0 0 5 0
0 5 0 0 0 5 0 0 0 0 0 4 0 1 0 5

9 8 5 8 7 5 11 8 9 10 6 7 11 10 9 8 8 8 14 11 7 9 8 10 10 7 10 9 6 10 5 8
6 8 5 5 9 8 5 6 4 8 9 5 7 4 5 8 7 6 8 5 8 5 5 8 12 7 4 7 9 11 6 5
10 7 7 8 8 5 5 8 6 7 9 9 7 9 7 4 6 7 8 11 9 8 8 9 10 7 9 8 9 8 11 10
2 5 3 1 5 8 3 4 9 6 5 5 4 2 5 4 4 6 6 4 5 3 6 3 7 6 5 4 6 5 6 4
8 7 8 7 4 8 6 4 5 5 4 7 5 6 8 7 4 8 5 7 7 5 5 4 3 5 6 9 5 6 6 7
6 4 5 2 8 5 6 7 7 3 7 9 7 5 5 7 4 5 8 5 6 5 10 6 6 6 5 6 4 9 4 10
8 7 5 7 6 5 7 7 7 7 7 8 8 6 8 8 8 7 10 7 9 8 7 5 7 8 7 6 8 7 9 10
5 2 7 8 2 3 6 3 2 3 1 1 0 3 4 2 4 2 6 2 5 2 5 4 6 2 2 4 4 8 7 8
4 9 10 9 7 5 6 5 7 6 4 4 6 6 4 6 7 11 5 6 8 3 10 10 6 6 6 7 6 6 3 7
9 5 8 7 3 8 4 3 5 7 10 9 6 9 6 8 6 7 7 9 4 10 5 2 4 3 6 9 8 7 9 4
12 5 11 8 6 7 8 12 6 9 7 5 12 8 8 10 8 5 6 7 7 8 9 11 7 11 10 6 7 5 7 8
6 10 7 8 8 7 7 7 9 4 10 11 6 6 5 6 8 5 7 6 5 9 4 7 5 1 4 5 7 6 8 14
13 9 7 7 10 9 9 9 11 9 10 9 7 8 12 9 5 11 7 7 9 12 7 7 5 16 8 9 10 7 9 7
6 5 5 6 9 12 7 5 6 6 5 8 12 6 8 5 10 9 7 9 9 9 7 8 10 7 12 6 10 14 11 5
5 7 8 9 6 7 8 5 6 5 2 6 5 7 4 7 7 4 3 6 7 5 7 7 5 9 6 6 5 5 7 8
9 9 11 6 9 5 4 8 9 10 13 7 6 9 4 5 8 10 10 11 9 9 7 6 9 8 10 9 8 6 14 11
