64
2
32
4
5

0 32
0 32
0 32
0 32
0 32
0 32
0 32
0 32
0 32
0 32
0 32
0 32
0 32
0 32
0 32
0 32
0 32
0 32
0 32
0 32
0 32
0 32
0 32
0 32
0 32
0 32
0 32
0 32
0 32
0 32
0 32
0 32
0 32
0 32
0 32
0 32
0 32
0 32
0 32
0 32
0 32
0 32
0 32
0 32
0 32
0 32
0 32
0 32
0 32
0 32
0 32
0 32
0 32
0 32
0 32
0 32
0 32
0 32
0 32
0 32
0 32
0 32
0 32
0 32

0 32
0 32
0 32
0 32
0 32
0 32
0 32
0 32
0 32
0 32
0 32
0 32
0 32
0 32
0 32
0 32
0 32
0 32
0 32
0 32
0 32
0 32
0 32
0 32
0 32
0 32
0 32
0 32
0 32
0 32
0 32
0 32
0 32
0 32
0 32
0 32
0 32
0 32
0 32
0 32
0 32
0 32
0 32
0 32
0 32
0 32
0 32
0 32
0 32
0 32
0 32
0 32
0 32
0 32
0 32
0 32
0 32
0 32
0 32
0 32
0 32
0 32
0 32
0 32

16 32
16 32
16 32
16 32
16 32
16 32
16 32
16 32
16 32
16 32
16 32
16 32
16 32
16 32
16 32
16 32
16 32
16 32
16 32
16 32
16 32
16 32
16 32
16 32
16 32
16 32
16 32
16 32
16 32
16 32
16 32
16 32
16 32
16 32
16 32
16 32
16 32
16 32
16 32
16 32
16 32
16 32
16 32
16 32
16 32
16 32
16 32
16 32
16 32
16 32
16 32
16 32
16 32
16 32
16 32
16 32
16 32
16 32
16 32
16 32
16 32
16 32
16 32
16 32

5 0
2 5
5 5
1 5
5 0
1 5
5 3
1 5
5 0
3 5
5 0
2 5
5 1
0 5
5 3
5 5
5 4
2 5
5 0
5 5
5 0
0 5
5 1
3 5
5 2
0 5
5 5
1 5
5 4
5 5
5 5
0 5
5 3
0 5
5 1
3 5
5 0
0 5
5 4
5 5
5 5
1 5
5 4
2 5
5 5
4 5
5 3
1 5
5 1
5 5
5 0
0 5
5 4
0 5
5 3
0 5
5 0
2 5
5 0
4 5
5 5
4 5
5 0
0 5

26 21 29 31 28 24 30 27 27 31 25 21 27 27 23 23 24 21 26 30 29 30 31 23 25 23 25 18 26 29 31 37
29 33 31 24 27 27 24 21 22 23 31 32 23 22 24 26 25 25 21 25 23 27 23 29 20 24 27 33 26 30 26 24
