64
2
32
4
5

0 32
0 32
0 32
0 32
0 32
0 32
0 32
0 32
0 32
0 32
0 32
0 32
0 32
0 32
0 32
0 32
0 32
0 32
0 32
0 32
0 32
0 32
0 32
0 32
0 32
0 32
0 32
0 32
0 32
0 32
0 32
0 32
0 32
0 32
0 32
0 32
0 32
0 32
0 32
0 32
0 32
0 32
0 32
0 32
0 32
0 32
0 32
0 32
0 32
0 32
0 32
0 32
0 32
0 32
0 32
0 32
0 32
0 32
0 32
0 32
0 32
0 32
0 32
0 32

0 32
0 32
0 32
0 32
0 32
0 32
0 32
0 32
0 32
0 32
0 32
0 32
0 32
0 32
0 32
0 32
0 32
0 32
0 32
0 32
0 32
0 32
0 32
0 32
0 32
0 32
0 32
0 32
0 32
0 32
0 32
0 32
0 32
0 32
0 32
0 32
0 32
0 32
0 32
0 32
0 32
0 32
0 32
0 32
0 32
0 32
0 32
0 32
0 32
0 32
0 32
0 32
0 32
0 32
0 32
0 32
0 32
0 32
0 32
0 32
0 32
0 32
0 32
0 32

16 32
16 32
16 32
16 32
16 32
16 32
16 32
16 32
16 32
16 32
16 32
16 32
16 32
16 32
16 32
16 32
16 32
16 32
16 32
16 32
16 32
16 32
16 32
16 32
16 32
16 32
16 32
16 32
16 32
16 32
16 32
16 32
16 32
16 32
16 32
16 32
16 32
16 32
16 32
16 32
16 32
16 32
16 32
16 32
16 32
16 32
16 32
16 32
16 32
16 32
16 32
16 32
16 32
16 32
16 32
16 32
16 32
16 32
16 32
16 32
16 32
16 32
16 32
16 32

5 0
5 5
5 0
4 5
5 0
0 5
5 0
2 5
5 3
0 5
5 3
5 5
5 1
2 5
5 3
1 5
5 0
0 5
5 1
3 5
5 4
1 5
5 3
0 5
5 0
1 5
5 2
0 5
5 4
3 5
5 5
0 5
5 0
0 5
5 2
2 5
5 0
2 5
5 0
0 5
5 4
3 5
5 3
1 5
5 1
0 5
5 0
3 5
5 0
0 5
5 2
3 5
5 0
1 5
5 4
4 5
5 2
2 5
5 1
4 5
5 0
1 5
5 0
2 5

34 32 29 16 22 30 31 23 27 32 30 28 31 21 30 25 23 22 29 24 36 21 24 29 30 33 29 29 28 32 33 34
28 26 24 36 29 26 27 30 26 22 21 22 19 26 18 26 29 25 23 29 19 30 25 27 29 27 30 25 31 28 29 27
