128
16
32
4
5

0 32
0 32
0 32
0 32
0 32
0 32
0 32
0 32
0 32
0 32
0 32
0 32
0 32
0 32
0 32
0 32
0 32
0 32
0 32
0 32
0 32
0 32
0 32
0 32
0 32
0 32
0 32
0 32
0 32
0 32
0 32
0 32
0 32
0 32
0 32
0 32
0 32
0 32
0 32
0 32
0 32
0 32
0 32
0 32
0 32
0 32
0 32
0 32
0 32
0 32
0 32
0 32
0 32
0 32
0 32
0 32
0 32
0 32
0 32
0 32
0 32
0 32
0 32
0 32
0 32
0 32
0 32
0 32
0 32
0 32
0 32
0 32
0 32
0 32
0 32
0 32
0 32
0 32
0 32
0 32
0 32
0 32
0 32
0 32
0 32
0 32
0 32
0 32
0 32
0 32
0 32
0 32
0 32
0 32
0 32
0 32
0 32
0 32
0 32
0 32
0 32
0 32
0 32
0 32
0 32
0 32
0 32
0 32
0 32
0 32
0 32
0 32
0 32
0 32
0 32
0 32
0 32
0 32
0 32
0 32
0 32
0 32
0 32
0 32
0 32
0 32
0 32
0 32

0 32
0 32
0 32
0 32
0 32
0 32
0 32
0 32
0 32
0 32
0 32
0 32
0 32
0 32
0 32
0 32
0 32
0 32
0 32
0 32
0 32
0 32
0 32
0 32
0 32
0 32
0 32
0 32
0 32
0 32
0 32
0 32
0 32
0 32
0 32
0 32
0 32
0 32
0 32
0 32
0 32
0 32
0 32
0 32
0 32
0 32
0 32
0 32
0 32
0 32
0 32
0 32
0 32
0 32
0 32
0 32
0 32
0 32
0 32
0 32
0 32
0 32
0 32
0 32
0 32
0 32
0 32
0 32
0 32
0 32
0 32
0 32
0 32
0 32
0 32
0 32
0 32
0 32
0 32
0 32
0 32
0 32
0 32
0 32
0 32
0 32
0 32
0 32
0 32
0 32
0 32
0 32
0 32
0 32
0 32
0 32
0 32
0 32
0 32
0 32
0 32
0 32
0 32
0 32
0 32
0 32
0 32
0 32
0 32
0 32
0 32
0 32
0 32
0 32
0 32
0 32
0 32
0 32
0 32
0 32
0 32
0 32
0 32
0 32
0 32
0 32
0 32
0 32

16 32
16 32
16 32
16 32
16 32
16 32
16 32
16 32
16 32
16 32
16 32
16 32
16 32
16 32
16 32
16 32
16 32
16 32
16 32
16 32
16 32
16 32
16 32
16 32
16 32
16 32
16 32
16 32
16 32
16 32
16 32
16 32
16 32
16 32
16 32
16 32
16 32
16 32
16 32
16 32
16 32
16 32
16 32
16 32
16 32
16 32
16 32
16 32
16 32
16 32
16 32
16 32
16 32
16 32
16 32
16 32
16 32
16 32
16 32
16 32
16 32
16 32
16 32
16 32
16 32
16 32
16 32
16 32
16 32
16 32
16 32
16 32
16 32
16 32
16 32
16 32
16 32
16 32
16 32
16 32
16 32
16 32
16 32
16 32
16 32
16 32
16 32
16 32
16 32
16 32
16 32
16 32
16 32
16 32
16 32
16 32
16 32
16 32
16 32
16 32
16 32
16 32
16 32
16 32
16 32
16 32
16 32
16 32
16 32
16 32
16 32
16 32
16 32
16 32
16 32
16 32
16 32
16 32
16 32
16 32
16 32
16 32
16 32
16 32
16 32
16 32
16 32
16 32

5 0 4 0 3 0 0 0 0 0 0 0 0 4 2 0
0 5 0 0 0 0 0 0 0 0 0 0 0 0 0 0
0 3 5 0 0 1 0 0 0 0 0 0 0 0 0 0
0 0 0 5 0 0 0 0 0 2 0 0 0 4 0 0
0 0 0 0 5 3 3 0 4 0 0 2 3 0 0 0
0 0 0 0 0 5 0 0 0 0 0 0 0 0 0 0
0 1 0 0 0 0 5 1 0 0 0 0 0 0 0 0
0 5 0 0 0 0 0 5 0 0 5 0 5 1 0 0
0 0 0 0 0 0 0 0 5 0 0 0 0 0 0 0
0 0 0 2 0 0 0 0 0 5 2 0 0 0 5 3
0 0 0 5 0 0 0 1 0 0 5 0 0 0 0 0
3 0 5 0 0 2 0 0 0 0 5 5 0 0 0 0
0 0 0 0 0 0 0 0 0 0 0 0 5 0 0 0
0 0 0 5 0 3 2 0 0 4 0 0 0 5 0 0
1 0 0 0 0 4 5 0 0 0 0 0 0 0 5 0
0 0 0 0 0 0 0 0 0 0 0 0 0 0 0 5
5 0 0 0 0 5 0 0 2 0 0 4 0 0 2 2
0 5 0 0 0 0 0 1 4 0 0 3 4 0 0 0
0 2 5 0 0 0 1 1 0 0 0 0 0 0 4 0
0 0 0 5 0 0 0 0 0 0 0 0 0 0 0 0
0 0 0 0 5 0 0 0 0 0 0 0 0 0 0 0
0 0 0 0 0 5 0 0 0 0 0 0 0 0 0 0
0 0 0 0 0 0 5 0 0 0 0 0 0 0 0 0
0 0 0 0 0 0 0 5 0 0 0 0 0 0 0 0
0 0 0 0 0 0 0 0 5 0 0 0 0 0 0 0
0 0 0 0 0 0 0 0 0 5 0 0 0 0 0 0
0 0 0 0 0 2 0 1 4 0 5 2 0 0 0 2
0 0 4 0 0 4 0 0 0 0 0 5 0 0 0 2
0 0 0 0 0 0 0 0 0 0 0 0 5 0 0 0
0 0 0 0 0 0 0 0 0 0 0 0 0 5 0 0
0 0 0 0 0 0 0 1 0 0 0 0 0 0 5 2
0 0 0 0 0 0 0 0 0 0 0 4 2 0 0 5
5 0 4 4 0 0 2 0 0 0 0 3 3 0 0 0
0 5 0 0 0 0 0 0 0 0 0 0 0 0 0 0
0 0 5 0 0 0 0 0 0 0 0 0 0 0 0 0
0 0 0 5 0 0 0 0 0 0 0 0 0 0 0 0
0 1 0 3 5 0 0 0 0 0 0 0 0 0 1 0
0 0 0 0 0 5 0 0 0 0 0 0 0 0 0 0
0 0 0 0 0 5 5 2 0 0 0 3 0 0 0 3
0 0 4 0 0 0 0 5 0 0 0 0 3 0 0 0
0 0 0 0 0 0 0 0 5 0 0 0 0 0 0 0
0 0 0 0 0 0 0 0 0 5 0 0 0 0 0 0
0 0 0 0 0 0 0 0 0 0 5 0 0 0 0 0
0 0 0 0 0 0 0 0 0 0 0 5 0 0 0 0
0 0 0 0 0 3 3 0 0 0 0 5 5 0 0 0
0 0 0 0 0 0 0 0 0 0 0 0 0 5 0 0
0 0 0 0 0 0 3 0 0 0 1 5 0 0 5 0
0 0 0 0 0 0 0 0 0 0 0 0 0 0 0 5
5 0 0 2 3 0 1 0 0 0 0 0 0 0 0 0
0 5 0 0 5 0 0 0 1 0 0 0 0 0 0 0
0 0 5 3 0 0 0 0 5 0 0 0 0 0 2 0
0 0 0 5 0 0 0 0 0 0 0 0 0 0 0 0
4 0 0 0 5 0 3 0 0 0 0 0 2 0 0 0
0 1 0 0 1 5 0 0 0 0 2 0 0 0 0 0
0 0 0 0 0 0 5 0 0 0 0 0 0 0 0 0
0 0 0 0 0 0 3 5 0 0 0 0 3 0 4 0
0 0 0 0 0 0 0 0 5 0 0 0 0 0 0 0
0 0 0 0 1 5 0 0 1 5 0 0 0 0 0 0
0 0 2 0 0 0 0 0 0 0 5 0 3 0 0 0
4 0 0 0 0 0 0 0 0 0 0 5 0 0 4 0
5 0 0 0 0 0 0 0 1 0 0 0 5 0 0 4
1 5 0 0 0 0 0 0 0 0 0 0 0 5 0 0
0 0 0 0 0 0 0 0 0 0 0 0 0 0 5 0
0 0 0 4 0 0 0 0 3 2 1 0 0 0 0 5
5 0 2 0 0 0 0 0 0 0 0 0 4 0 0 0
0 5 0 0 0 0 0 0 0 0 0 0 0 0 0 0
0 0 5 3 0 0 0 0 0 0 0 0 0 0 3 0
0 0 0 5 0 0 0 0 0 0 0 0 0 0 0 0
0 0 0 0 5 3 0 0 0 0 0 5 0 0 0 0
0 0 3 0 0 5 0 0 3 0 0 0 0 3 0 2
0 0 0 0 3 2 5 0 0 0 0 0 0 4 0 0
0 4 0 0 0 0 0 5 0 0 0 4 0 0 0 0
0 0 0 0 0 0 0 4 5 0 0 0 0 0 0 3
0 0 0 0 0 0 0 0 4 5 0 5 0 5 0 0
0 4 0 0 0 0 0 0 0 0 5 3 0 0 0 0
0 0 0 0 0 0 0 0 0 3 0 5 0 0 0 0
0 0 0 0 0 0 0 0 0 0 0 0 5 0 0 0
0 0 0 0 0 0 0 0 0 0 0 0 0 5 0 0
0 0 0 0 0 0 0 0 0 0 0 0 0 0 5 0
0 0 0 0 2 0 0 0 5 0 0 0 5 0 5 5
5 0 0 0 0 0 0 0 0 0 0 0 0 0 0 0
0 5 0 0 0 0 0 0 0 0 0 0 0 0 0 0
0 0 5 0 0 0 0 0 1 0 0 0 0 5 0 0
0 0 0 5 0 0 0 0 0 0 0 0 0 0 0 0
2 0 0 0 5 0 0 0 0 0 2 0 5 1 0 0
0 0 0 0 0 5 0 4 5 0 0 1 0 0 0 0
0 0 0 0 0 0 5 3 0 0 0 0 0 0 0 0
0 1 0 0 4 0 0 5 0 0 0 5 2 0 0 0
0 0 0 0 0 0 0 0 5 0 0 0 0 0 0 0
0 0 0 0 0 0 0 0 5 5 0 0 4 1 0 0
0 0 0 0 0 0 0 3 0 0 5 0 0 0 0 0
0 0 0 0 1 1 0 0 0 0 0 5 0 4 0 0
0 0 0 0 0 0 0 0 0 0 0 0 5 0 0 0
0 0 0 0 0 0 0 0 0 0 0 0 0 5 0 0
0 2 0 0 0 0 0 0 4 0 2 0 2 0 5 0
0 0 0 0 0 0 0 0 0 0 0 0 0 0 0 5
5 0 0 0 0 2 3 0 0 0 3 0 0 0 0 0
0 5 0 0 0 0 0 0 3 0 0 0 0 3 2 0
1 1 5 0 0 5 0 0 0 0 0 0 0 0 2 0
2 0 0 5 0 0 0 0 0 0 0 0 5 5 0 0
0 2 0 0 5 0 4 0 0 0 0 2 0 0 0 0
0 4 0 0 0 5 0 5 0 0 1 0 0 0 0 0
2 0 0 0 0 0 5 0 0 4 0 0 2 0 0 0
1 0 0 0 0 0 0 5 0 0 5 0 3 0 0 3
0 0 0 0 0 0 0 3 5 0 0 0 5 0 0 0
1 0 0 0 0 1 4 0 0 5 3 2 0 0 0 0
0 0 0 0 0 0 0 0 0 0 5 0 0 0 0 0
0 0 0 0 0 0 0 0 0 0 0 5 0 0 0 0
0 0 0 0 0 0 0 0 0 0 0 2 5 3 0 0
0 0 0 0 0 0 0 0 0 0 0 0 0 5 0 0
0 0 0 0 0 4 0 0 0 0 0 0 5 0 5 0
0 2 0 0 2 0 3 0 0 2 0 0 0 0 4 5
5 0 0 2 3 0 5 0 0 0 4 0 0 0 0 0
0 5 2 0 0 0 0 0 0 0 0 0 0 3 0 0
0 0 5 0 0 0 0 0 0 0 0 0 0 0 0 0
0 2 0 5 0 0 0 0 5 0 0 0 0 0 3 0
0 0 0 0 5 0 0 0 0 0 0 0 0 0 0 0
0 0 0 0 0 5 0 0 5 5 0 0 0 2 0 3
0 0 0 0 0 0 5 0 0 0 0 0 0 0 0 0
0 0 0 0 0 0 0 5 0 0 0 1 3 0 0 0
0 0 0 0 0 0 0 3 5 0 0 0 0 0 1 0
0 3 0 0 0 0 0 0 0 5 0 0 0 3 1 0
0 0 0 2 0 0 4 0 0 0 5 0 0 3 4 0
0 0 2 0 0 4 0 0 0 0 4 5 0 0 0 0
0 0 0 0 0 0 0 0 0 0 0 0 5 0 0 0
0 0 0 0 0 0 0 0 0 0 0 0 0 5 0 0
0 0 0 0 0 0 0 0 0 0 0 0 0 0 5 0
0 0 0 0 2 0 0 0 3 0 0 0 0 0 1 5

5 8 6 2 5 6 4 4 4 7 5 3 5 4 3 5 5 7 2 1 4 5 1 5 3 3 1 5 5 6 4 7
8 9 9 7 10 8 6 5 14 6 7 7 10 5 5 6 7 10 5 7 9 7 9 7 6 8 5 7 8 5 7 6
6 5 5 7 6 7 7 5 5 3 6 4 3 5 6 4 5 5 5 5 5 4 6 6 3 3 7 3 4 5 4 8
6 8 7 7 7 7 8 6 8 6 5 7 5 10 6 5 9 6 11 4 6 8 7 6 5 5 5 7 4 6 8 8
5 4 2 3 5 7 6 4 4 5 7 5 3 7 4 3 6 5 6 5 5 5 5 4 7 5 5 6 7 7 8 3
9 10 10 5 4 7 5 6 6 8 4 7 7 8 7 8 9 6 6 11 6 6 5 8 7 4 6 9 9 9 13 8
8 5 8 7 5 8 4 7 9 12 5 8 8 8 5 5 6 10 7 4 9 6 7 6 7 6 8 5 9 6 6 9
5 6 5 1 5 4 6 5 2 5 9 9 6 2 6 7 7 7 10 4 6 8 5 6 5 5 7 8 4 6 8 7
13 12 4 11 10 7 10 8 8 6 8 8 9 7 10 8 8 8 9 11 9 9 8 9 8 10 7 9 11 15 9 15
2 4 4 7 4 4 4 4 4 5 4 5 2 2 4 5 5 4 5 8 5 4 5 5 2 2 5 6 2 6 4 3
10 8 4 7 3 4 7 8 7 2 4 4 7 6 4 4 5 6 8 7 8 5 8 4 5 6 6 8 7 7 7 3
8 6 10 9 9 6 6 7 5 10 9 10 6 6 8 9 9 7 9 8 9 8 8 4 7 6 9 4 9 3 10 9
12 12 14 10 9 7 12 13 11 7 7 7 5 7 10 11 13 9 7 15 9 11 9 10 9 9 9 8 6 12 8 9
11 8 8 8 7 9 9 10 8 9 9 8 10 9 12 10 9 11 11 8 11 10 8 13 15 11 11 8 10 8 9 15
7 5 4 7 8 6 6 7 6 6 9 4 7 7 3 12 3 5 6 7 8 5 10 8 9 10 7 8 8 9 7 5
6 8 2 7 5 5 4 7 3 6 5 4 3 4 5 4 7 7 6 7 6 5 4 5 5 7 6 5 9 6 9 5
