64
2
32
4
5

0 32
0 32
0 32
0 32
0 32
0 32
0 32
0 32
0 32
0 32
0 32
0 32
0 32
0 32
0 32
0 32
0 32
0 32
0 32
0 32
0 32
0 32
0 32
0 32
0 32
0 32
0 32
0 32
0 32
0 32
0 32
0 32
0 32
0 32
0 32
0 32
0 32
0 32
0 32
0 32
0 32
0 32
0 32
0 32
0 32
0 32
0 32
0 32
0 32
0 32
0 32
0 32
0 32
0 32
0 32
0 32
0 32
0 32
0 32
0 32
0 32
0 32
0 32
0 32

0 32
0 32
0 32
0 32
0 32
0 32
0 32
0 32
0 32
0 32
0 32
0 32
0 32
0 32
0 32
0 32
0 32
0 32
0 32
0 32
0 32
0 32
0 32
0 32
0 32
0 32
0 32
0 32
0 32
0 32
0 32
0 32
0 32
0 32
0 32
0 32
0 32
0 32
0 32
0 32
0 32
0 32
0 32
0 32
0 32
0 32
0 32
0 32
0 32
0 32
0 32
0 32
0 32
0 32
0 32
0 32
0 32
0 32
0 32
0 32
0 32
0 32
0 32
0 32

16 32
16 32
16 32
16 32
16 32
16 32
16 32
16 32
16 32
16 32
16 32
16 32
16 32
16 32
16 32
16 32
16 32
16 32
16 32
16 32
16 32
16 32
16 32
16 32
16 32
16 32
16 32
16 32
16 32
16 32
16 32
16 32
16 32
16 32
16 32
16 32
16 32
16 32
16 32
16 32
16 32
16 32
16 32
16 32
16 32
16 32
16 32
16 32
16 32
16 32
16 32
16 32
16 32
16 32
16 32
16 32
16 32
16 32
16 32
16 32
16 32
16 32
16 32
16 32

5 4
0 5
5 0
0 5
5 5
5 5
5 0
2 5
5 2
5 5
5 5
5 5
5 2
3 5
5 3
0 5
5 0
0 5
5 4
1 5
5 2
3 5
5 0
0 5
5 4
0 5
5 0
4 5
5 0
0 5
5 2
3 5
5 3
0 5
5 0
0 5
5 0
0 5
5 5
5 5
5 0
0 5
5 5
0 5
5 0
3 5
5 1
2 5
5 5
2 5
5 2
5 5
5 3
5 5
5 3
4 5
5 3
4 5
5 0
0 5
5 0
4 5
5 4
2 5

32 27 24 24 24 17 24 30 24 25 27 27 24 18 25 29 25 26 28 23 23 18 27 20 35 27 27 25 29 23 31 25
26 29 29 24 31 29 27 27 30 28 27 24 29 32 29 22 27 28 22 29 26 32 27 29 19 27 29 30 26 32 27 32
