64
2
32
4
5

0 32
0 32
0 32
0 32
0 32
0 32
0 32
0 32
0 32
0 32
0 32
0 32
0 32
0 32
0 32
0 32
0 32
0 32
0 32
0 32
0 32
0 32
0 32
0 32
0 32
0 32
0 32
0 32
0 32
0 32
0 32
0 32
0 32
0 32
0 32
0 32
0 32
0 32
0 32
0 32
0 32
0 32
0 32
0 32
0 32
0 32
0 32
0 32
0 32
0 32
0 32
0 32
0 32
0 32
0 32
0 32
0 32
0 32
0 32
0 32
0 32
0 32
0 32
0 32

0 32
0 32
0 32
0 32
0 32
0 32
0 32
0 32
0 32
0 32
0 32
0 32
0 32
0 32
0 32
0 32
0 32
0 32
0 32
0 32
0 32
0 32
0 32
0 32
0 32
0 32
0 32
0 32
0 32
0 32
0 32
0 32
0 32
0 32
0 32
0 32
0 32
0 32
0 32
0 32
0 32
0 32
0 32
0 32
0 32
0 32
0 32
0 32
0 32
0 32
0 32
0 32
0 32
0 32
0 32
0 32
0 32
0 32
0 32
0 32
0 32
0 32
0 32
0 32

16 32
16 32
16 32
16 32
16 32
16 32
16 32
16 32
16 32
16 32
16 32
16 32
16 32
16 32
16 32
16 32
16 32
16 32
16 32
16 32
16 32
16 32
16 32
16 32
16 32
16 32
16 32
16 32
16 32
16 32
16 32
16 32
16 32
16 32
16 32
16 32
16 32
16 32
16 32
16 32
16 32
16 32
16 32
16 32
16 32
16 32
16 32
16 32
16 32
16 32
16 32
16 32
16 32
16 32
16 32
16 32
16 32
16 32
16 32
16 32
16 32
16 32
16 32
16 32

5 3
0 5
5 0
0 5
5 1
0 5
5 0
0 5
5 0
5 5
5 0
1 5
5 1
0 5
5 2
2 5
5 0
0 5
5 0
0 5
5 2
0 5
5 4
3 5
5 4
4 5
5 0
0 5
5 0
0 5
5 3
2 5
5 2
1 5
5 5
3 5
5 0
0 5
5 4
0 5
5 0
2 5
5 1
4 5
5 4
1 5
5 2
0 5
5 5
4 5
5 4
4 5
5 0
2 5
5 5
5 5
5 2
0 5
5 2
4 5
5 0
0 5
5 0
1 5

33 27 31 29 27 27 22 26 22 29 19 22 24 22 19 18 18 30 24 20 25 27 25 26 23 22 22 29 26 26 29 31
29 31 30 24 27 26 31 25 29 28 30 29 24 22 24 30 30 23 27 28 26 22 24 25 29 27 27 25 25 31 31 29
