128
16
32
4
5

0 32
0 32
0 32
0 32
0 32
0 32
0 32
0 32
0 32
0 32
0 32
0 32
0 32
0 32
0 32
0 32
0 32
0 32
0 32
0 32
0 32
0 32
0 32
0 32
0 32
0 32
0 32
0 32
0 32
0 32
0 32
0 32
0 32
0 32
0 32
0 32
0 32
0 32
0 32
0 32
0 32
0 32
0 32
0 32
0 32
0 32
0 32
0 32
0 32
0 32
0 32
0 32
0 32
0 32
0 32
0 32
0 32
0 32
0 32
0 32
0 32
0 32
0 32
0 32
0 32
0 32
0 32
0 32
0 32
0 32
0 32
0 32
0 32
0 32
0 32
0 32
0 32
0 32
0 32
0 32
0 32
0 32
0 32
0 32
0 32
0 32
0 32
0 32
0 32
0 32
0 32
0 32
0 32
0 32
0 32
0 32
0 32
0 32
0 32
0 32
0 32
0 32
0 32
0 32
0 32
0 32
0 32
0 32
0 32
0 32
0 32
0 32
0 32
0 32
0 32
0 32
0 32
0 32
0 32
0 32
0 32
0 32
0 32
0 32
0 32
0 32
0 32
0 32

0 32
0 32
0 32
0 32
0 32
0 32
0 32
0 32
0 32
0 32
0 32
0 32
0 32
0 32
0 32
0 32
0 32
0 32
0 32
0 32
0 32
0 32
0 32
0 32
0 32
0 32
0 32
0 32
0 32
0 32
0 32
0 32
0 32
0 32
0 32
0 32
0 32
0 32
0 32
0 32
0 32
0 32
0 32
0 32
0 32
0 32
0 32
0 32
0 32
0 32
0 32
0 32
0 32
0 32
0 32
0 32
0 32
0 32
0 32
0 32
0 32
0 32
0 32
0 32
0 32
0 32
0 32
0 32
0 32
0 32
0 32
0 32
0 32
0 32
0 32
0 32
0 32
0 32
0 32
0 32
0 32
0 32
0 32
0 32
0 32
0 32
0 32
0 32
0 32
0 32
0 32
0 32
0 32
0 32
0 32
0 32
0 32
0 32
0 32
0 32
0 32
0 32
0 32
0 32
0 32
0 32
0 32
0 32
0 32
0 32
0 32
0 32
0 32
0 32
0 32
0 32
0 32
0 32
0 32
0 32
0 32
0 32
0 32
0 32
0 32
0 32
0 32
0 32

16 32
16 32
16 32
16 32
16 32
16 32
16 32
16 32
16 32
16 32
16 32
16 32
16 32
16 32
16 32
16 32
16 32
16 32
16 32
16 32
16 32
16 32
16 32
16 32
16 32
16 32
16 32
16 32
16 32
16 32
16 32
16 32
16 32
16 32
16 32
16 32
16 32
16 32
16 32
16 32
16 32
16 32
16 32
16 32
16 32
16 32
16 32
16 32
16 32
16 32
16 32
16 32
16 32
16 32
16 32
16 32
16 32
16 32
16 32
16 32
16 32
16 32
16 32
16 32
16 32
16 32
16 32
16 32
16 32
16 32
16 32
16 32
16 32
16 32
16 32
16 32
16 32
16 32
16 32
16 32
16 32
16 32
16 32
16 32
16 32
16 32
16 32
16 32
16 32
16 32
16 32
16 32
16 32
16 32
16 32
16 32
16 32
16 32
16 32
16 32
16 32
16 32
16 32
16 32
16 32
16 32
16 32
16 32
16 32
16 32
16 32
16 32
16 32
16 32
16 32
16 32
16 32
16 32
16 32
16 32
16 32
16 32
16 32
16 32
16 32
16 32
16 32
16 32

5 0 0 0 0 5 0 0 0 3 0 0 0 0 0 0
0 5 1 0 0 0 0 0 0 0 0 0 0 0 4 0
1 0 5 0 0 0 0 0 0 2 0 0 0 0 0 0
0 0 0 5 0 0 0 0 0 0 0 0 0 0 0 0
2 0 0 1 5 0 0 0 0 3 0 0 0 5 0 0
0 0 0 2 0 5 0 0 4 0 0 0 0 2 0 4
5 0 0 0 0 0 5 0 0 4 0 0 3 0 0 2
0 0 0 0 0 0 0 5 0 0 0 0 0 0 0 0
2 0 0 0 4 0 0 0 5 0 0 0 0 0 0 0
0 0 1 0 0 0 0 0 0 5 0 3 0 0 0 5
0 0 0 0 0 0 3 0 0 0 5 0 0 0 0 2
0 0 0 0 3 0 0 5 0 0 5 5 0 4 0 0
0 0 0 0 0 0 0 0 1 0 0 2 5 0 0 0
0 0 0 0 0 0 0 0 0 0 0 0 0 5 0 0
0 0 0 0 0 0 0 0 0 0 0 0 0 0 5 0
3 0 0 0 5 0 0 0 0 0 0 1 0 0 0 5
5 0 2 0 0 0 3 1 0 0 0 4 0 0 0 0
0 5 0 0 0 0 0 0 0 0 0 0 0 0 0 0
0 0 5 0 0 0 0 0 0 0 0 0 0 0 0 0
0 0 0 5 0 0 0 0 0 3 0 0 0 4 0 5
0 0 0 0 5 0 0 0 0 0 0 5 0 0 0 0
0 0 0 0 0 5 0 0 0 0 0 0 0 0 0 0
0 1 0 0 0 0 5 0 4 0 0 0 0 0 0 5
4 3 0 4 4 0 0 5 0 0 0 0 0 0 0 0
3 0 4 0 0 0 0 1 5 0 0 4 0 0 0 0
0 0 0 0 0 0 0 0 0 5 0 0 0 0 0 0
0 1 0 0 0 0 2 0 1 0 5 0 0 0 0 0
0 0 0 0 0 0 0 0 5 2 0 5 4 0 0 5
0 0 0 0 0 0 0 0 0 0 0 0 5 0 0 0
0 0 0 0 0 0 0 0 0 0 0 0 0 5 0 0
0 0 0 0 0 0 0 0 0 0 0 0 0 0 5 0
0 0 1 5 0 0 0 0 0 0 4 1 0 0 0 5
5 0 0 0 3 0 0 0 0 0 5 0 3 0 0 1
0 5 0 0 0 0 0 0 0 5 0 0 0 0 3 0
0 0 5 0 0 0 5 0 0 0 0 1 4 1 1 0
0 0 0 5 0 0 0 0 0 0 0 0 0 0 0 0
0 0 0 0 5 0 0 0 0 0 0 0 0 0 0 0
0 0 0 0 0 5 0 0 0 0 0 0 0 0 0 0
0 0 0 0 0 0 5 0 0 0 0 0 0 0 0 0
0 0 0 0 0 0 0 5 0 0 0 0 0 0 0 0
0 0 0 0 0 0 0 0 5 0 0 0 0 0 0 0
0 0 0 0 0 0 0 0 0 5 0 0 0 0 0 0
0 0 0 0 0 0 0 0 0 0 5 0 0 0 0 0
0 0 0 5 0 0 1 0 0 0 4 5 0 0 1 0
0 0 0 3 0 0 0 0 0 0 1 0 5 0 0 0
0 0 0 0 0 0 0 0 0 0 0 0 0 5 0 0
0 0 0 0 0 0 0 0 0 0 0 0 0 0 5 0
0 0 3 0 0 0 0 0 0 0 3 3 0 0 0 5
5 0 0 0 0 0 0 0 0 0 0 0 0 0 0 0
0 5 0 3 0 0 0 0 0 4 0 0 0 0 0 0
0 0 5 0 0 0 3 0 0 0 0 2 0 0 2 0
0 0 0 5 2 0 0 1 2 0 0 0 0 0 0 0
0 0 0 0 5 0 0 0 2 0 0 5 0 0 2 0
0 0 3 0 0 5 0 0 0 0 0 0 4 0 0 2
0 0 0 0 0 0 5 0 0 0 0 0 0 0 0 0
0 0 0 0 0 0 0 5 0 0 0 0 0 0 0 0
0 0 0 0 0 0 0 0 5 0 0 0 0 0 0 0
0 0 0 3 0 0 4 0 0 5 0 2 0 0 0 0
0 0 0 0 0 0 0 0 0 0 5 0 0 0 0 0
0 0 0 0 0 0 3 0 0 0 0 5 0 5 3 2
0 3 4 4 0 0 0 0 0 0 0 0 5 0 5 0
1 0 4 0 0 0 0 0 0 0 0 0 0 5 3 0
0 0 0 0 0 0 0 0 0 0 0 0 0 0 5 0
0 0 0 0 0 0 0 0 0 5 3 0 0 0 5 5
5 0 0 0 0 0 3 0 0 0 0 3 0 0 0 0
0 5 0 0 0 0 0 0 0 0 0 0 0 0 0 0
0 0 5 0 0 0 0 0 0 0 0 0 0 0 0 0
0 0 0 5 0 0 0 0 0 0 0 0 0 0 0 0
0 0 0 0 5 3 1 0 0 0 2 0 0 0 0 0
0 0 0 0 0 5 0 0 0 0 0 0 0 0 0 0
0 0 0 0 0 0 5 0 0 0 0 0 0 0 0 0
0 0 0 0 0 0 0 5 0 0 0 0 0 0 0 0
0 0 0 0 0 0 0 0 5 0 0 0 0 0 0 0
0 0 0 0 0 0 0 0 0 5 0 0 0 0 0 3
0 0 0 0 0 0 0 0 0 0 5 0 0 0 0 0
0 0 0 0 0 0 0 0 0 0 0 5 0 0 0 0
0 4 0 0 0 0 0 0 0 0 1 0 5 0 0 0
0 0 0 0 0 0 0 0 0 0 0 0 4 5 0 0
0 0 4 0 1 0 0 0 0 0 0 0 4 1 5 0
0 0 0 0 0 0 0 0 0 0 0 0 0 0 0 5
5 0 0 0 0 0 0 0 0 0 0 0 0 0 0 0
0 5 0 0 0 0 0 0 0 0 0 0 0 0 0 0
0 1 5 2 0 0 1 0 0 4 0 0 0 0 0 1
0 0 0 5 1 0 5 0 0 0 0 0 0 0 3 0
0 0 0 0 5 0 0 1 1 0 0 0 0 5 4 0
0 0 0 1 0 5 0 0 0 0 1 0 0 3 0 0
0 0 0 0 0 5 5 0 0 3 0 0 0 0 0 0
0 0 0 0 0 0 0 5 0 0 0 0 0 0 0 0
0 0 0 0 0 0 0 4 5 5 0 0 0 0 0 3
0 0 0 0 0 0 0 0 0 5 0 0 0 0 0 0
0 0 0 0 0 0 0 0 0 0 5 0 0 0 0 0
0 0 0 0 0 0 0 0 0 0 0 5 0 0 0 0
0 3 5 0 0 0 0 0 0 0 0 0 5 0 0 0
0 0 5 0 0 0 0 0 0 0 0 3 0 5 0 0
0 0 0 0 0 0 0 0 0 0 0 0 0 0 5 0
0 0 5 0 0 0 4 0 4 0 0 1 0 5 0 5
5 0 0 0 0 0 0 1 0 0 0 0 0 1 0 0
0 5 0 0 0 0 0 4 0 0 0 0 0 0 0 3
1 0 5 4 4 0 0 0 0 0 0 0 5 2 0 0
0 0 0 5 0 0 0 0 0 0 1 0 0 0 0 1
0 5 0 0 5 0 0 0 0 0 0 5 0 0 0 0
0 0 0 0 0 5 0 0 0 0 0 0 0 0 0 0
0 0 0 0 0 0 5 1 0 0 0 0 2 0 0 2
0 0 2 0 0 4 4 5 0 0 0 4 0 0 0 0
0 0 0 0 5 0 0 0 5 0 0 2 5 0 0 2
0 0 0 0 0 0 0 5 1 5 3 0 0 0 0 0
1 0 3 0 3 0 0 0 0 0 5 0 1 0 0 0
0 2 1 0 1 4 0 0 0 0 0 5 0 0 0 0
0 0 0 0 0 0 0 0 0 0 0 0 5 0 0 0
0 0 5 0 0 1 0 0 0 0 1 0 0 5 0 0
0 0 0 0 0 0 0 0 0 0 0 0 0 0 5 0
0 0 0 0 0 0 0 0 0 0 0 0 0 0 0 5
5 0 0 0 0 0 0 0 0 0 0 0 0 0 0 0
0 5 0 0 0 0 0 0 0 0 0 0 0 0 0 0
0 0 5 2 0 0 0 0 0 0 0 0 0 5 0 5
0 0 0 5 0 0 0 0 2 4 2 0 0 0 0 0
0 0 0 1 5 0 0 0 1 0 0 0 2 5 0 5
2 2 0 0 0 5 0 0 4 0 0 0 0 0 0 0
0 0 0 0 0 0 5 0 0 0 0 0 0 0 0 0
0 0 0 0 0 0 0 5 0 0 0 0 0 0 0 0
0 0 1 0 0 0 0 0 5 0 0 0 0 1 4 0
0 0 2 0 0 0 0 0 0 5 0 3 0 0 0 4
0 0 0 0 0 0 0 0 0 2 5 0 0 0 0 0
5 0 0 0 0 0 0 0 0 0 0 5 0 0 0 0
0 0 0 0 0 0 0 0 0 0 0 0 5 0 0 0
0 0 0 0 0 0 0 1 0 0 1 4 0 5 0 5
0 0 0 5 0 0 0 0 0 0 2 5 0 0 5 3
0 0 0 0 0 0 0 1 0 0 0 2 0 0 0 5

4 8 5 6 8 8 4 6 7 5 7 6 5 8 7 2 8 5 4 5 5 6 7 6 5 5 7 8 5 7 8 10
10 6 8 7 6 5 5 6 8 8 7 5 5 7 7 7 5 6 9 7 7 4 5 5 7 5 6 7 6 6 11 7
7 5 5 6 5 8 10 7 2 5 6 8 7 4 7 7 7 8 6 8 11 11 8 7 9 3 5 8 9 8 9 7
11 5 8 7 9 6 7 7 4 5 7 5 6 5 6 8 6 7 5 4 4 9 6 7 5 7 6 5 4 6 8 10
6 3 5 6 4 5 4 8 4 5 5 6 3 6 6 7 7 4 7 5 4 4 2 3 3 5 4 2 9 4 3 4
8 7 9 6 4 5 5 7 8 5 5 7 4 4 2 4 7 3 7 6 3 2 5 6 5 6 5 5 6 4 7 4
10 12 8 5 7 5 6 6 4 5 7 8 6 4 8 8 7 9 6 6 6 7 8 9 6 9 8 7 9 9 9 7
8 6 7 9 6 5 7 7 9 8 6 8 7 9 10 9 9 8 7 8 9 9 10 8 9 10 8 8 5 10 5 11
8 10 10 7 7 6 5 6 8 5 6 8 8 8 6 5 4 8 3 6 3 5 6 4 8 5 4 4 4 2 6 9
5 5 6 6 7 10 7 7 9 6 11 11 6 8 8 12 6 7 5 1 6 5 6 5 13 5 10 5 12 6 8 7
7 8 6 5 6 8 6 6 6 10 7 8 11 10 9 9 9 6 4 9 6 5 6 9 8 7 7 5 9 12 7 5
5 11 8 7 5 8 8 4 9 9 6 7 7 11 8 9 3 3 8 8 6 8 9 8 11 9 10 7 6 14 6 9
8 6 5 4 6 2 7 7 7 9 9 7 8 6 6 7 7 3 5 4 5 6 7 8 4 7 3 4 9 6 7 10
7 6 9 5 4 7 6 5 8 9 7 4 8 8 7 4 6 8 11 9 8 6 6 6 6 6 7 7 4 8 6 8
8 11 8 10 11 6 7 10 7 9 10 9 9 6 7 7 7 8 9 10 7 9 5 7 4 6 8 10 6 9 12 10
9 7 5 7 11 8 9 8 7 6 3 5 12 6 2 6 5 5 5 5 7 9 9 11 6 9 6 10 6 6 7 8
