64
2
32
4
5

0 32
0 32
0 32
0 32
0 32
0 32
0 32
0 32
0 32
0 32
0 32
0 32
0 32
0 32
0 32
0 32
0 32
0 32
0 32
0 32
0 32
0 32
0 32
0 32
0 32
0 32
0 32
0 32
0 32
0 32
0 32
0 32
0 32
0 32
0 32
0 32
0 32
0 32
0 32
0 32
0 32
0 32
0 32
0 32
0 32
0 32
0 32
0 32
0 32
0 32
0 32
0 32
0 32
0 32
0 32
0 32
0 32
0 32
0 32
0 32
0 32
0 32
0 32
0 32

0 32
0 32
0 32
0 32
0 32
0 32
0 32
0 32
0 32
0 32
0 32
0 32
0 32
0 32
0 32
0 32
0 32
0 32
0 32
0 32
0 32
0 32
0 32
0 32
0 32
0 32
0 32
0 32
0 32
0 32
0 32
0 32
0 32
0 32
0 32
0 32
0 32
0 32
0 32
0 32
0 32
0 32
0 32
0 32
0 32
0 32
0 32
0 32
0 32
0 32
0 32
0 32
0 32
0 32
0 32
0 32
0 32
0 32
0 32
0 32
0 32
0 32
0 32
0 32

16 32
16 32
16 32
16 32
16 32
16 32
16 32
16 32
16 32
16 32
16 32
16 32
16 32
16 32
16 32
16 32
16 32
16 32
16 32
16 32
16 32
16 32
16 32
16 32
16 32
16 32
16 32
16 32
16 32
16 32
16 32
16 32
16 32
16 32
16 32
16 32
16 32
16 32
16 32
16 32
16 32
16 32
16 32
16 32
16 32
16 32
16 32
16 32
16 32
16 32
16 32
16 32
16 32
16 32
16 32
16 32
16 32
16 32
16 32
16 32
16 32
16 32
16 32
16 32

5 0
1 5
5 5
4 5
5 1
0 5
5 5
4 5
5 0
0 5
5 1
0 5
5 4
3 5
5 4
0 5
5 5
0 5
5 4
0 5
5 5
0 5
5 0
1 5
5 2
0 5
5 5
0 5
5 0
0 5
5 0
0 5
5 4
0 5
5 4
5 5
5 5
1 5
5 0
1 5
5 2
0 5
5 5
0 5
5 4
1 5
5 5
1 5
5 3
3 5
5 0
0 5
5 5
5 5
5 1
0 5
5 0
0 5
5 0
0 5
5 0
0 5
5 1
0 5

29 26 21 20 20 23 19 25 25 18 25 19 19 26 18 18 20 23 16 22 24 27 24 18 24 18 20 18 19 21 23 27
34 32 37 37 33 29 32 29 27 32 27 34 35 24 34 35 28 29 30 23 27 24 27 34 32 35 37 39 35 35 38 34
