64
2
32
4
5

0 32
0 32
0 32
0 32
0 32
0 32
0 32
0 32
0 32
0 32
0 32
0 32
0 32
0 32
0 32
0 32
0 32
0 32
0 32
0 32
0 32
0 32
0 32
0 32
0 32
0 32
0 32
0 32
0 32
0 32
0 32
0 32
0 32
0 32
0 32
0 32
0 32
0 32
0 32
0 32
0 32
0 32
0 32
0 32
0 32
0 32
0 32
0 32
0 32
0 32
0 32
0 32
0 32
0 32
0 32
0 32
0 32
0 32
0 32
0 32
0 32
0 32
0 32
0 32

0 32
0 32
0 32
0 32
0 32
0 32
0 32
0 32
0 32
0 32
0 32
0 32
0 32
0 32
0 32
0 32
0 32
0 32
0 32
0 32
0 32
0 32
0 32
0 32
0 32
0 32
0 32
0 32
0 32
0 32
0 32
0 32
0 32
0 32
0 32
0 32
0 32
0 32
0 32
0 32
0 32
0 32
0 32
0 32
0 32
0 32
0 32
0 32
0 32
0 32
0 32
0 32
0 32
0 32
0 32
0 32
0 32
0 32
0 32
0 32
0 32
0 32
0 32
0 32

16 32
16 32
16 32
16 32
16 32
16 32
16 32
16 32
16 32
16 32
16 32
16 32
16 32
16 32
16 32
16 32
16 32
16 32
16 32
16 32
16 32
16 32
16 32
16 32
16 32
16 32
16 32
16 32
16 32
16 32
16 32
16 32
16 32
16 32
16 32
16 32
16 32
16 32
16 32
16 32
16 32
16 32
16 32
16 32
16 32
16 32
16 32
16 32
16 32
16 32
16 32
16 32
16 32
16 32
16 32
16 32
16 32
16 32
16 32
16 32
16 32
16 32
16 32
16 32

5 5
4 5
5 0
1 5
5 3
0 5
5 2
5 5
5 0
4 5
5 4
2 5
5 5
3 5
5 0
0 5
5 0
0 5
5 0
0 5
5 0
0 5
5 3
3 5
5 5
0 5
5 3
1 5
5 0
0 5
5 1
0 5
5 4
5 5
5 5
2 5
5 0
0 5
5 0
3 5
5 5
0 5
5 4
0 5
5 0
0 5
5 0
4 5
5 5
2 5
5 3
5 5
5 3
0 5
5 0
3 5
5 5
0 5
5 0
5 5
5 2
0 5
5 5
1 5

30 27 26 25 18 27 29 24 28 27 23 24 25 22 27 26 25 24 25 24 25 26 35 25 23 22 24 26 30 23 24 33
30 27 25 26 34 26 27 32 27 23 33 26 25 33 19 28 25 24 32 32 29 30 24 32 27 24 22 25 17 28 35 27
