64
2
32
4
5

0 32
0 32
0 32
0 32
0 32
0 32
0 32
0 32
0 32
0 32
0 32
0 32
0 32
0 32
0 32
0 32
0 32
0 32
0 32
0 32
0 32
0 32
0 32
0 32
0 32
0 32
0 32
0 32
0 32
0 32
0 32
0 32
0 32
0 32
0 32
0 32
0 32
0 32
0 32
0 32
0 32
0 32
0 32
0 32
0 32
0 32
0 32
0 32
0 32
0 32
0 32
0 32
0 32
0 32
0 32
0 32
0 32
0 32
0 32
0 32
0 32
0 32
0 32
0 32

0 32
0 32
0 32
0 32
0 32
0 32
0 32
0 32
0 32
0 32
0 32
0 32
0 32
0 32
0 32
0 32
0 32
0 32
0 32
0 32
0 32
0 32
0 32
0 32
0 32
0 32
0 32
0 32
0 32
0 32
0 32
0 32
0 32
0 32
0 32
0 32
0 32
0 32
0 32
0 32
0 32
0 32
0 32
0 32
0 32
0 32
0 32
0 32
0 32
0 32
0 32
0 32
0 32
0 32
0 32
0 32
0 32
0 32
0 32
0 32
0 32
0 32
0 32
0 32

16 32
16 32
16 32
16 32
16 32
16 32
16 32
16 32
16 32
16 32
16 32
16 32
16 32
16 32
16 32
16 32
16 32
16 32
16 32
16 32
16 32
16 32
16 32
16 32
16 32
16 32
16 32
16 32
16 32
16 32
16 32
16 32
16 32
16 32
16 32
16 32
16 32
16 32
16 32
16 32
16 32
16 32
16 32
16 32
16 32
16 32
16 32
16 32
16 32
16 32
16 32
16 32
16 32
16 32
16 32
16 32
16 32
16 32
16 32
16 32
16 32
16 32
16 32
16 32

5 5
0 5
5 4
0 5
5 0
1 5
5 1
4 5
5 3
2 5
5 2
3 5
5 2
4 5
5 0
2 5
5 0
1 5
5 5
0 5
5 0
0 5
5 2
0 5
5 3
0 5
5 3
5 5
5 0
4 5
5 2
0 5
5 1
3 5
5 0
4 5
5 0
0 5
5 5
0 5
5 1
3 5
5 5
3 5
5 3
3 5
5 1
4 5
5 3
2 5
5 2
2 5
5 5
0 5
5 0
0 5
5 0
0 5
5 0
2 5
5 0
3 5
5 3
3 5

35 31 32 27 22 28 27 27 23 25 28 26 23 27 26 33 31 32 23 25 25 28 28 19 34 29 31 28 25 30 29 32
29 29 23 27 28 27 29 27 29 27 23 27 29 29 29 25 27 24 32 28 24 21 24 36 23 30 28 29 32 28 30 32
