64
2
32
4
5

0 32
0 32
0 32
0 32
0 32
0 32
0 32
0 32
0 32
0 32
0 32
0 32
0 32
0 32
0 32
0 32
0 32
0 32
0 32
0 32
0 32
0 32
0 32
0 32
0 32
0 32
0 32
0 32
0 32
0 32
0 32
0 32
0 32
0 32
0 32
0 32
0 32
0 32
0 32
0 32
0 32
0 32
0 32
0 32
0 32
0 32
0 32
0 32
0 32
0 32
0 32
0 32
0 32
0 32
0 32
0 32
0 32
0 32
0 32
0 32
0 32
0 32
0 32
0 32

0 32
0 32
0 32
0 32
0 32
0 32
0 32
0 32
0 32
0 32
0 32
0 32
0 32
0 32
0 32
0 32
0 32
0 32
0 32
0 32
0 32
0 32
0 32
0 32
0 32
0 32
0 32
0 32
0 32
0 32
0 32
0 32
0 32
0 32
0 32
0 32
0 32
0 32
0 32
0 32
0 32
0 32
0 32
0 32
0 32
0 32
0 32
0 32
0 32
0 32
0 32
0 32
0 32
0 32
0 32
0 32
0 32
0 32
0 32
0 32
0 32
0 32
0 32
0 32

16 32
16 32
16 32
16 32
16 32
16 32
16 32
16 32
16 32
16 32
16 32
16 32
16 32
16 32
16 32
16 32
16 32
16 32
16 32
16 32
16 32
16 32
16 32
16 32
16 32
16 32
16 32
16 32
16 32
16 32
16 32
16 32
16 32
16 32
16 32
16 32
16 32
16 32
16 32
16 32
16 32
16 32
16 32
16 32
16 32
16 32
16 32
16 32
16 32
16 32
16 32
16 32
16 32
16 32
16 32
16 32
16 32
16 32
16 32
16 32
16 32
16 32
16 32
16 32

5 4
0 5
5 5
3 5
5 0
0 5
5 0
3 5
5 2
5 5
5 0
0 5
5 0
2 5
5 0
5 5
5 3
3 5
5 2
4 5
5 4
5 5
5 3
3 5
5 0
4 5
5 1
1 5
5 0
5 5
5 0
4 5
5 4
5 5
5 1
0 5
5 5
4 5
5 4
3 5
5 5
5 5
5 2
1 5
5 4
3 5
5 0
1 5
5 0
4 5
5 2
1 5
5 0
4 5
5 0
0 5
5 0
3 5
5 1
0 5
5 0
0 5
5 0
5 5

34 31 37 30 33 36 28 32 25 38 27 31 30 29 33 41 34 36 33 31 28 28 30 32 35 37 32 32 39 32 37 32
24 26 20 24 23 23 26 22 27 16 30 23 26 21 20 16 24 24 22 25 23 21 20 17 15 19 23 24 20 27 27 32
