64
2
32
4
5

0 32
0 32
0 32
0 32
0 32
0 32
0 32
0 32
0 32
0 32
0 32
0 32
0 32
0 32
0 32
0 32
0 32
0 32
0 32
0 32
0 32
0 32
0 32
0 32
0 32
0 32
0 32
0 32
0 32
0 32
0 32
0 32
0 32
0 32
0 32
0 32
0 32
0 32
0 32
0 32
0 32
0 32
0 32
0 32
0 32
0 32
0 32
0 32
0 32
0 32
0 32
0 32
0 32
0 32
0 32
0 32
0 32
0 32
0 32
0 32
0 32
0 32
0 32
0 32

0 32
0 32
0 32
0 32
0 32
0 32
0 32
0 32
0 32
0 32
0 32
0 32
0 32
0 32
0 32
0 32
0 32
0 32
0 32
0 32
0 32
0 32
0 32
0 32
0 32
0 32
0 32
0 32
0 32
0 32
0 32
0 32
0 32
0 32
0 32
0 32
0 32
0 32
0 32
0 32
0 32
0 32
0 32
0 32
0 32
0 32
0 32
0 32
0 32
0 32
0 32
0 32
0 32
0 32
0 32
0 32
0 32
0 32
0 32
0 32
0 32
0 32
0 32
0 32

16 32
16 32
16 32
16 32
16 32
16 32
16 32
16 32
16 32
16 32
16 32
16 32
16 32
16 32
16 32
16 32
16 32
16 32
16 32
16 32
16 32
16 32
16 32
16 32
16 32
16 32
16 32
16 32
16 32
16 32
16 32
16 32
16 32
16 32
16 32
16 32
16 32
16 32
16 32
16 32
16 32
16 32
16 32
16 32
16 32
16 32
16 32
16 32
16 32
16 32
16 32
16 32
16 32
16 32
16 32
16 32
16 32
16 32
16 32
16 32
16 32
16 32
16 32
16 32

5 0
0 5
5 2
0 5
5 2
5 5
5 4
1 5
5 0
4 5
5 1
2 5
5 5
5 5
5 0
1 5
5 0
1 5
5 2
2 5
5 5
1 5
5 3
4 5
5 0
4 5
5 1
4 5
5 2
0 5
5 2
0 5
5 5
0 5
5 4
4 5
5 0
0 5
5 4
3 5
5 3
1 5
5 4
4 5
5 3
5 5
5 0
0 5
5 3
1 5
5 2
0 5
5 2
5 5
5 2
0 5
5 5
4 5
5 2
3 5
5 4
0 5
5 1
0 5

30 25 24 20 24 32 21 18 25 21 29 29 22 29 25 28 24 27 25 28 22 21 26 24 20 27 22 27 34 26 29 32
33 34 31 32 25 18 32 35 27 36 24 29 37 29 33 28 30 30 30 20 33 27 28 28 32 27 28 31 26 35 33 32
