128
16
32
4
5

0 32
0 32
0 32
0 32
0 32
0 32
0 32
0 32
0 32
0 32
0 32
0 32
0 32
0 32
0 32
0 32
0 32
0 32
0 32
0 32
0 32
0 32
0 32
0 32
0 32
0 32
0 32
0 32
0 32
0 32
0 32
0 32
0 32
0 32
0 32
0 32
0 32
0 32
0 32
0 32
0 32
0 32
0 32
0 32
0 32
0 32
0 32
0 32
0 32
0 32
0 32
0 32
0 32
0 32
0 32
0 32
0 32
0 32
0 32
0 32
0 32
0 32
0 32
0 32
0 32
0 32
0 32
0 32
0 32
0 32
0 32
0 32
0 32
0 32
0 32
0 32
0 32
0 32
0 32
0 32
0 32
0 32
0 32
0 32
0 32
0 32
0 32
0 32
0 32
0 32
0 32
0 32
0 32
0 32
0 32
0 32
0 32
0 32
0 32
0 32
0 32
0 32
0 32
0 32
0 32
0 32
0 32
0 32
0 32
0 32
0 32
0 32
0 32
0 32
0 32
0 32
0 32
0 32
0 32
0 32
0 32
0 32
0 32
0 32
0 32
0 32
0 32
0 32

0 32
0 32
0 32
0 32
0 32
0 32
0 32
0 32
0 32
0 32
0 32
0 32
0 32
0 32
0 32
0 32
0 32
0 32
0 32
0 32
0 32
0 32
0 32
0 32
0 32
0 32
0 32
0 32
0 32
0 32
0 32
0 32
0 32
0 32
0 32
0 32
0 32
0 32
0 32
0 32
0 32
0 32
0 32
0 32
0 32
0 32
0 32
0 32
0 32
0 32
0 32
0 32
0 32
0 32
0 32
0 32
0 32
0 32
0 32
0 32
0 32
0 32
0 32
0 32
0 32
0 32
0 32
0 32
0 32
0 32
0 32
0 32
0 32
0 32
0 32
0 32
0 32
0 32
0 32
0 32
0 32
0 32
0 32
0 32
0 32
0 32
0 32
0 32
0 32
0 32
0 32
0 32
0 32
0 32
0 32
0 32
0 32
0 32
0 32
0 32
0 32
0 32
0 32
0 32
0 32
0 32
0 32
0 32
0 32
0 32
0 32
0 32
0 32
0 32
0 32
0 32
0 32
0 32
0 32
0 32
0 32
0 32
0 32
0 32
0 32
0 32
0 32
0 32

16 32
16 32
16 32
16 32
16 32
16 32
16 32
16 32
16 32
16 32
16 32
16 32
16 32
16 32
16 32
16 32
16 32
16 32
16 32
16 32
16 32
16 32
16 32
16 32
16 32
16 32
16 32
16 32
16 32
16 32
16 32
16 32
16 32
16 32
16 32
16 32
16 32
16 32
16 32
16 32
16 32
16 32
16 32
16 32
16 32
16 32
16 32
16 32
16 32
16 32
16 32
16 32
16 32
16 32
16 32
16 32
16 32
16 32
16 32
16 32
16 32
16 32
16 32
16 32
16 32
16 32
16 32
16 32
16 32
16 32
16 32
16 32
16 32
16 32
16 32
16 32
16 32
16 32
16 32
16 32
16 32
16 32
16 32
16 32
16 32
16 32
16 32
16 32
16 32
16 32
16 32
16 32
16 32
16 32
16 32
16 32
16 32
16 32
16 32
16 32
16 32
16 32
16 32
16 32
16 32
16 32
16 32
16 32
16 32
16 32
16 32
16 32
16 32
16 32
16 32
16 32
16 32
16 32
16 32
16 32
16 32
16 32
16 32
16 32
16 32
16 32
16 32
16 32

5 0 3 0 0 0 0 0 0 0 0 0 0 5 0 0
0 5 0 0 0 0 0 0 3 0 0 0 3 0 0 0
0 0 5 4 0 0 0 0 0 2 0 0 0 0 3 4
0 0 0 5 0 0 0 0 0 0 0 0 0 0 0 0
0 0 2 0 5 4 4 0 2 0 0 0 0 0 0 4
0 0 0 0 0 5 0 0 0 0 0 0 0 0 0 0
0 0 0 0 0 0 5 0 0 0 0 0 0 0 0 0
0 0 5 1 1 0 0 5 0 0 0 0 0 3 0 0
0 0 0 1 0 0 0 0 5 0 0 0 0 0 4 0
0 5 0 5 0 0 0 0 0 5 0 0 0 0 0 0
0 0 0 0 0 0 0 0 0 0 5 0 0 0 0 0
0 1 4 0 0 0 0 0 0 0 0 5 2 0 0 0
0 0 0 0 0 0 0 0 0 0 2 0 5 2 0 0
0 0 0 0 0 0 0 0 0 0 0 0 0 5 0 0
0 0 0 0 0 0 2 0 0 0 4 0 0 0 5 0
0 0 4 0 0 0 0 4 0 0 0 0 0 0 0 5
5 0 0 0 0 0 0 0 0 0 0 0 0 0 0 0
3 5 0 0 5 0 0 0 0 0 0 0 0 0 2 0
0 0 5 0 0 0 0 0 0 0 0 0 0 0 0 0
0 0 0 5 0 0 0 2 0 3 4 0 0 0 0 0
0 0 0 0 5 0 0 0 0 0 1 0 0 0 1 4
2 2 2 0 0 5 0 0 5 0 0 0 0 0 0 0
0 0 0 0 0 0 5 0 0 0 0 0 0 0 0 0
0 0 0 0 0 0 0 5 0 0 0 0 0 0 0 0
0 0 0 0 0 0 0 0 5 0 0 0 0 0 0 0
0 0 0 0 0 0 0 0 0 5 0 0 0 0 0 0
0 0 0 0 0 0 0 0 0 0 5 0 0 0 0 0
3 0 0 0 0 0 0 0 0 2 0 5 0 0 0 0
0 0 0 0 0 0 1 1 0 0 5 0 5 0 3 0
0 0 0 0 0 0 0 0 0 0 0 0 0 5 0 0
0 0 4 0 3 0 4 0 0 0 0 4 5 0 5 0
0 3 0 0 0 2 4 0 0 0 0 0 0 4 0 5
5 0 0 0 5 3 0 0 0 0 0 0 0 0 0 0
0 5 0 0 2 4 0 0 0 0 0 0 2 0 0 0
0 4 5 0 3 0 0 0 0 0 0 1 4 0 0 0
3 0 3 5 0 0 0 0 1 0 0 0 0 0 0 3
0 0 0 0 5 0 0 0 0 0 0 2 0 1 0 0
0 0 0 5 0 5 0 0 0 0 0 0 0 2 0 1
0 0 0 0 0 0 5 0 0 0 0 0 0 0 0 0
0 0 0 0 0 2 0 5 2 4 0 0 0 0 0 0
0 0 0 0 2 1 0 5 5 0 0 0 0 0 0 0
0 0 0 5 0 0 3 0 0 5 0 0 0 0 0 1
0 1 0 0 0 0 0 2 5 0 5 0 4 0 0 4
0 0 0 0 0 0 0 0 0 0 0 5 0 0 0 0
0 0 0 4 0 5 0 0 0 0 0 0 5 0 3 5
0 0 0 0 5 2 0 2 0 0 0 0 4 5 0 0
0 0 0 0 2 2 0 5 0 0 0 0 0 0 5 5
5 0 0 0 0 0 0 0 4 5 0 0 0 3 0 5
5 0 0 0 0 0 0 0 2 1 0 0 0 0 0 0
0 5 0 2 0 0 0 0 0 0 0 0 0 5 5 0
0 0 5 5 0 0 0 4 0 5 0 0 0 0 0 0
0 0 0 5 0 0 0 0 0 0 0 0 0 0 0 0
0 0 1 0 5 0 3 0 1 4 0 0 0 0 0 0
2 1 0 1 5 5 0 0 0 3 0 0 0 0 0 0
0 0 0 0 0 0 5 0 0 0 0 0 0 0 0 0
0 0 0 0 0 0 0 5 0 0 0 0 0 0 0 0
0 0 0 0 0 0 0 0 5 0 0 0 0 0 4 3
0 5 0 0 0 0 0 0 0 5 0 0 0 0 1 0
0 0 0 0 0 0 0 0 0 0 5 2 5 0 3 0
0 4 2 0 0 0 0 1 0 0 0 5 0 0 0 0
2 0 0 0 0 0 0 0 3 0 0 3 5 0 0 0
0 0 0 1 0 0 0 0 0 3 0 0 0 5 0 0
3 0 0 0 0 0 0 0 0 4 0 0 0 0 5 4
0 0 0 0 0 0 0 0 0 0 0 0 0 0 0 5
5 0 0 0 0 0 0 0 0 0 0 0 0 0 0 0
0 5 0 0 0 0 0 0 0 0 0 0 0 0 0 0
0 0 5 0 0 4 0 0 0 0 5 0 5 0 0 0
0 0 0 5 0 0 0 0 0 0 0 0 0 0 0 0
0 0 3 0 5 0 0 0 4 0 0 0 0 0 0 0
0 0 0 0 0 5 0 0 0 0 0 0 0 0 0 0
0 0 0 0 0 0 5 0 0 0 0 0 0 5 0 1
0 0 0 0 0 0 0 5 0 0 0 0 0 0 0 0
0 0 0 0 0 3 2 2 5 0 0 0 0 0 0 0
0 0 0 3 0 0 0 0 0 5 0 0 4 0 0 0
3 0 0 0 5 0 0 0 0 0 5 0 4 0 3 0
0 0 0 0 0 0 0 0 0 0 0 5 0 0 0 0
0 0 0 0 0 0 0 0 0 0 0 0 5 0 0 0
0 0 0 0 0 2 0 0 0 0 0 0 0 5 0 5
0 0 0 0 0 0 0 0 0 0 0 0 0 0 5 0
0 0 0 0 0 5 0 5 0 0 0 0 0 1 0 5
5 0 0 0 0 0 0 0 0 0 0 0 0 0 0 0
0 5 0 0 0 0 2 0 0 0 2 0 0 0 0 0
0 5 5 0 4 0 0 0 0 0 0 0 3 0 0 1
3 5 0 5 0 0 0 0 2 0 0 0 0 0 0 0
0 0 0 0 5 0 0 2 0 3 0 0 0 0 0 0
0 0 0 0 0 5 3 0 0 0 0 3 0 0 0 0
3 0 4 0 0 0 5 0 3 0 0 3 0 0 0 0
0 0 0 0 0 0 0 5 0 0 0 0 0 0 0 0
0 0 0 0 0 0 0 0 5 0 2 0 3 0 0 4
0 0 0 0 2 0 5 2 3 5 0 0 0 0 0 0
0 0 0 0 0 0 0 0 0 0 5 0 0 0 0 0
0 0 0 0 0 0 0 0 0 0 0 5 0 0 0 0
4 2 0 0 0 0 0 0 0 0 5 0 5 0 5 0
0 0 0 0 0 0 5 0 0 0 0 0 0 5 3 0
0 0 5 0 4 0 0 0 2 0 0 0 0 0 5 0
0 0 0 3 0 0 0 0 0 5 0 0 0 0 0 5
5 0 0 0 0 1 0 0 0 0 0 0 0 0 0 0
0 5 0 0 0 0 0 0 0 0 0 0 0 0 0 0
0 0 5 0 0 0 0 1 5 2 0 5 0 0 0 0
0 0 0 5 5 0 0 4 0 3 0 0 0 3 0 5
0 0 0 0 5 0 0 0 0 0 0 0 0 3 2 0
0 0 0 0 0 5 0 0 0 0 0 0 0 0 0 0
0 0 0 4 0 0 5 0 3 0 2 0 5 3 0 0
0 0 1 3 4 0 0 5 0 4 5 0 0 0 0 0
0 0 2 0 0 0 0 0 5 0 0 0 0 0 0 0
0 5 4 2 0 0 0 0 0 5 0 0 0 0 4 0
0 0 0 0 0 0 0 0 0 0 5 0 0 0 0 0
0 4 0 0 0 0 0 0 0 5 0 5 0 1 5 0
0 0 0 0 0 0 0 0 0 0 0 0 5 0 0 0
0 1 0 0 0 3 0 0 2 0 0 3 0 5 0 0
3 5 0 0 0 0 0 0 0 0 5 0 0 0 5 0
0 0 0 0 0 0 0 0 0 0 0 0 0 0 0 5
5 0 0 0 0 0 0 0 0 0 0 5 0 0 0 5
0 5 0 0 0 0 0 0 0 0 0 0 0 0 0 0
0 0 5 0 4 1 0 0 0 0 0 0 0 0 0 0
0 0 0 5 0 0 0 0 0 0 0 0 0 0 0 0
0 0 0 0 5 0 1 0 0 1 0 0 0 0 0 0
0 0 0 0 0 5 0 0 0 0 0 0 0 0 0 4
0 0 0 0 0 0 5 0 1 2 0 0 2 0 0 5
0 0 0 0 0 0 0 5 0 0 0 0 0 0 0 0
0 0 0 0 0 0 0 0 5 0 0 0 0 0 0 0
0 0 0 0 0 0 0 0 0 5 0 0 0 0 0 0
0 1 0 0 0 0 0 2 0 3 5 0 0 0 0 0
0 0 0 0 0 0 0 0 0 0 0 5 0 0 0 0
0 0 0 0 0 0 0 0 0 0 1 0 5 0 0 0
0 0 0 0 0 5 0 0 4 0 0 0 0 5 3 0
0 0 4 2 4 0 0 0 0 0 0 0 0 0 5 0
0 0 0 0 0 0 0 0 0 0 0 0 0 0 0 5

6 8 10 5 4 4 6 7 6 8 7 5 11 10 9 8 6 6 12 10 7 11 9 9 7 6 7 8 5 7 8 9
8 9 10 8 7 11 8 10 6 4 8 6 6 7 7 9 5 5 5 4 5 5 5 2 3 6 7 11 7 7 12 5
5 6 8 7 3 4 7 9 8 6 4 5 4 7 9 5 10 5 6 4 7 6 6 3 4 9 6 5 5 9 4 11
6 5 8 10 5 8 7 8 8 6 11 5 11 8 9 6 7 9 7 8 9 5 7 9 9 8 6 9 8 9 8 9
8 5 5 3 8 9 4 5 3 6 4 2 5 6 9 5 8 4 1 3 4 3 1 6 12 5 9 7 8 7 9 6
8 6 7 3 6 7 7 6 5 11 6 4 6 8 7 10 8 9 8 6 10 9 10 5 5 6 9 10 10 7 6 7
8 7 7 6 4 5 7 4 7 9 6 6 8 8 4 6 7 4 6 7 8 3 4 9 7 6 9 9 6 9 8 7
5 10 4 11 7 10 9 9 9 6 9 9 7 7 9 9 7 8 8 9 11 11 8 8 6 9 8 5 8 9 9 11
8 2 5 9 12 6 8 8 8 8 9 9 8 8 4 8 8 5 4 8 11 5 6 6 13 3 6 5 8 5 6 7
10 6 8 5 7 8 5 10 11 10 7 9 6 6 5 12 7 7 9 5 7 9 7 7 6 10 7 7 8 11 5 9
9 7 6 5 7 6 9 4 8 4 9 11 7 6 8 7 8 6 6 7 5 10 7 5 5 10 5 6 7 7 9 8
10 10 5 5 8 8 8 7 6 7 6 6 8 3 4 7 5 8 4 5 3 6 8 7 6 7 6 6 7 7 8 6
7 3 5 8 9 8 5 6 7 7 4 4 6 6 4 4 5 7 5 9 5 4 7 4 6 7 4 5 4 5 5 10
6 9 5 6 8 3 5 7 5 8 6 7 4 7 4 5 5 6 9 6 4 5 9 9 8 3 5 7 5 5 6 9
4 11 9 6 7 7 4 5 6 6 6 13 7 8 7 6 8 8 9 8 5 3 6 8 4 8 4 7 5 2 6 9
11 10 7 9 8 6 11 7 7 6 10 7 9 7 8 6 7 10 10 7 7 8 6 8 5 6 9 4 12 8 16 5
