64
2
32
4
5

0 32
0 32
0 32
0 32
0 32
0 32
0 32
0 32
0 32
0 32
0 32
0 32
0 32
0 32
0 32
0 32
0 32
0 32
0 32
0 32
0 32
0 32
0 32
0 32
0 32
0 32
0 32
0 32
0 32
0 32
0 32
0 32
0 32
0 32
0 32
0 32
0 32
0 32
0 32
0 32
0 32
0 32
0 32
0 32
0 32
0 32
0 32
0 32
0 32
0 32
0 32
0 32
0 32
0 32
0 32
0 32
0 32
0 32
0 32
0 32
0 32
0 32
0 32
0 32

0 32
0 32
0 32
0 32
0 32
0 32
0 32
0 32
0 32
0 32
0 32
0 32
0 32
0 32
0 32
0 32
0 32
0 32
0 32
0 32
0 32
0 32
0 32
0 32
0 32
0 32
0 32
0 32
0 32
0 32
0 32
0 32
0 32
0 32
0 32
0 32
0 32
0 32
0 32
0 32
0 32
0 32
0 32
0 32
0 32
0 32
0 32
0 32
0 32
0 32
0 32
0 32
0 32
0 32
0 32
0 32
0 32
0 32
0 32
0 32
0 32
0 32
0 32
0 32

16 32
16 32
16 32
16 32
16 32
16 32
16 32
16 32
16 32
16 32
16 32
16 32
16 32
16 32
16 32
16 32
16 32
16 32
16 32
16 32
16 32
16 32
16 32
16 32
16 32
16 32
16 32
16 32
16 32
16 32
16 32
16 32
16 32
16 32
16 32
16 32
16 32
16 32
16 32
16 32
16 32
16 32
16 32
16 32
16 32
16 32
16 32
16 32
16 32
16 32
16 32
16 32
16 32
16 32
16 32
16 32
16 32
16 32
16 32
16 32
16 32
16 32
16 32
16 32

5 0
5 5
5 0
3 5
5 1
0 5
5 2
0 5
5 0
2 5
5 0
5 5
5 5
0 5
5 4
5 5
5 4
0 5
5 4
5 5
5 2
0 5
5 0
4 5
5 3
0 5
5 0
5 5
5 3
3 5
5 2
2 5
5 0
0 5
5 0
5 5
5 2
3 5
5 3
1 5
5 0
3 5
5 2
0 5
5 0
0 5
5 0
5 5
5 4
1 5
5 0
1 5
5 3
3 5
5 0
4 5
5 0
0 5
5 0
0 5
5 0
1 5
5 5
5 5

34 33 31 35 27 30 27 27 30 27 27 29 28 26 27 28 39 29 30 33 32 29 28 23 33 30 36 27 33 33 38 36
29 26 28 20 22 25 24 23 26 27 25 22 23 23 27 22 18 26 28 25 24 27 23 26 23 23 20 27 19 23 22 23
