64
2
32
4
5

0 32
0 32
0 32
0 32
0 32
0 32
0 32
0 32
0 32
0 32
0 32
0 32
0 32
0 32
0 32
0 32
0 32
0 32
0 32
0 32
0 32
0 32
0 32
0 32
0 32
0 32
0 32
0 32
0 32
0 32
0 32
0 32
0 32
0 32
0 32
0 32
0 32
0 32
0 32
0 32
0 32
0 32
0 32
0 32
0 32
0 32
0 32
0 32
0 32
0 32
0 32
0 32
0 32
0 32
0 32
0 32
0 32
0 32
0 32
0 32
0 32
0 32
0 32
0 32

0 32
0 32
0 32
0 32
0 32
0 32
0 32
0 32
0 32
0 32
0 32
0 32
0 32
0 32
0 32
0 32
0 32
0 32
0 32
0 32
0 32
0 32
0 32
0 32
0 32
0 32
0 32
0 32
0 32
0 32
0 32
0 32
0 32
0 32
0 32
0 32
0 32
0 32
0 32
0 32
0 32
0 32
0 32
0 32
0 32
0 32
0 32
0 32
0 32
0 32
0 32
0 32
0 32
0 32
0 32
0 32
0 32
0 32
0 32
0 32
0 32
0 32
0 32
0 32

16 32
16 32
16 32
16 32
16 32
16 32
16 32
16 32
16 32
16 32
16 32
16 32
16 32
16 32
16 32
16 32
16 32
16 32
16 32
16 32
16 32
16 32
16 32
16 32
16 32
16 32
16 32
16 32
16 32
16 32
16 32
16 32
16 32
16 32
16 32
16 32
16 32
16 32
16 32
16 32
16 32
16 32
16 32
16 32
16 32
16 32
16 32
16 32
16 32
16 32
16 32
16 32
16 32
16 32
16 32
16 32
16 32
16 32
16 32
16 32
16 32
16 32
16 32
16 32

5 1
3 5
5 1
0 5
5 0
4 5
5 5
0 5
5 4
1 5
5 3
2 5
5 0
0 5
5 0
0 5
5 5
5 5
5 4
0 5
5 0
3 5
5 3
0 5
5 3
2 5
5 4
0 5
5 5
3 5
5 0
4 5
5 4
5 5
5 5
1 5
5 3
3 5
5 2
0 5
5 3
0 5
5 5
3 5
5 0
0 5
5 0
1 5
5 0
5 5
5 1
2 5
5 0
0 5
5 0
0 5
5 4
5 5
5 1
3 5
5 2
0 5
5 3
3 5

33 31 29 30 31 25 25 19 19 28 29 24 23 21 26 25 25 27 19 21 28 24 21 20 23 26 29 27 27 32 32 32
30 32 31 28 24 27 26 33 37 28 29 30 27 31 26 26 27 22 32 31 24 28 32 36 28 28 25 28 29 31 31 28
