64
2
32
4
5

0 32
0 32
0 32
0 32
0 32
0 32
0 32
0 32
0 32
0 32
0 32
0 32
0 32
0 32
0 32
0 32
0 32
0 32
0 32
0 32
0 32
0 32
0 32
0 32
0 32
0 32
0 32
0 32
0 32
0 32
0 32
0 32
0 32
0 32
0 32
0 32
0 32
0 32
0 32
0 32
0 32
0 32
0 32
0 32
0 32
0 32
0 32
0 32
0 32
0 32
0 32
0 32
0 32
0 32
0 32
0 32
0 32
0 32
0 32
0 32
0 32
0 32
0 32
0 32

0 32
0 32
0 32
0 32
0 32
0 32
0 32
0 32
0 32
0 32
0 32
0 32
0 32
0 32
0 32
0 32
0 32
0 32
0 32
0 32
0 32
0 32
0 32
0 32
0 32
0 32
0 32
0 32
0 32
0 32
0 32
0 32
0 32
0 32
0 32
0 32
0 32
0 32
0 32
0 32
0 32
0 32
0 32
0 32
0 32
0 32
0 32
0 32
0 32
0 32
0 32
0 32
0 32
0 32
0 32
0 32
0 32
0 32
0 32
0 32
0 32
0 32
0 32
0 32

16 32
16 32
16 32
16 32
16 32
16 32
16 32
16 32
16 32
16 32
16 32
16 32
16 32
16 32
16 32
16 32
16 32
16 32
16 32
16 32
16 32
16 32
16 32
16 32
16 32
16 32
16 32
16 32
16 32
16 32
16 32
16 32
16 32
16 32
16 32
16 32
16 32
16 32
16 32
16 32
16 32
16 32
16 32
16 32
16 32
16 32
16 32
16 32
16 32
16 32
16 32
16 32
16 32
16 32
16 32
16 32
16 32
16 32
16 32
16 32
16 32
16 32
16 32
16 32

5 0
3 5
5 0
0 5
5 0
2 5
5 2
0 5
5 0
0 5
5 5
4 5
5 0
3 5
5 0
0 5
5 0
0 5
5 5
4 5
5 0
2 5
5 3
1 5
5 0
0 5
5 0
5 5
5 0
1 5
5 0
0 5
5 1
3 5
5 5
0 5
5 3
1 5
5 4
1 5
5 5
2 5
5 0
3 5
5 1
4 5
5 1
2 5
5 1
1 5
5 0
0 5
5 4
5 5
5 0
3 5
5 0
5 5
5 2
3 5
5 2
5 5
5 0
0 5

34 33 34 31 28 30 29 34 33 36 33 28 32 28 27 32 36 30 31 23 26 27 23 31 30 35 29 26 28 34 36 38
29 28 24 23 20 23 25 19 22 20 23 32 28 31 29 27 21 28 24 26 24 22 27 20 24 18 21 29 29 25 26 23
