64
2
32
4
5

0 32
0 32
0 32
0 32
0 32
0 32
0 32
0 32
0 32
0 32
0 32
0 32
0 32
0 32
0 32
0 32
0 32
0 32
0 32
0 32
0 32
0 32
0 32
0 32
0 32
0 32
0 32
0 32
0 32
0 32
0 32
0 32
0 32
0 32
0 32
0 32
0 32
0 32
0 32
0 32
0 32
0 32
0 32
0 32
0 32
0 32
0 32
0 32
0 32
0 32
0 32
0 32
0 32
0 32
0 32
0 32
0 32
0 32
0 32
0 32
0 32
0 32
0 32
0 32

0 32
0 32
0 32
0 32
0 32
0 32
0 32
0 32
0 32
0 32
0 32
0 32
0 32
0 32
0 32
0 32
0 32
0 32
0 32
0 32
0 32
0 32
0 32
0 32
0 32
0 32
0 32
0 32
0 32
0 32
0 32
0 32
0 32
0 32
0 32
0 32
0 32
0 32
0 32
0 32
0 32
0 32
0 32
0 32
0 32
0 32
0 32
0 32
0 32
0 32
0 32
0 32
0 32
0 32
0 32
0 32
0 32
0 32
0 32
0 32
0 32
0 32
0 32
0 32

16 32
16 32
16 32
16 32
16 32
16 32
16 32
16 32
16 32
16 32
16 32
16 32
16 32
16 32
16 32
16 32
16 32
16 32
16 32
16 32
16 32
16 32
16 32
16 32
16 32
16 32
16 32
16 32
16 32
16 32
16 32
16 32
16 32
16 32
16 32
16 32
16 32
16 32
16 32
16 32
16 32
16 32
16 32
16 32
16 32
16 32
16 32
16 32
16 32
16 32
16 32
16 32
16 32
16 32
16 32
16 32
16 32
16 32
16 32
16 32
16 32
16 32
16 32
16 32

5 1
0 5
5 0
0 5
5 3
0 5
5 0
0 5
5 1
1 5
5 4
0 5
5 5
0 5
5 0
0 5
5 3
5 5
5 0
1 5
5 2
2 5
5 2
0 5
5 5
2 5
5 3
0 5
5 0
5 5
5 3
3 5
5 3
0 5
5 2
0 5
5 0
0 5
5 2
3 5
5 0
2 5
5 0
2 5
5 4
5 5
5 5
5 5
5 3
1 5
5 5
5 5
5 2
0 5
5 0
2 5
5 4
5 5
5 0
0 5
5 5
2 5
5 0
1 5

29 35 27 24 24 24 23 31 20 30 28 27 30 25 25 23 31 25 24 25 29 28 24 26 28 18 28 27 26 32 35 31
31 27 34 33 27 30 26 24 31 24 28 28 25 32 33 34 27 28 26 23 20 24 23 26 25 34 27 30 32 29 28 33
