64
2
32
4
5

0 32
0 32
0 32
0 32
0 32
0 32
0 32
0 32
0 32
0 32
0 32
0 32
0 32
0 32
0 32
0 32
0 32
0 32
0 32
0 32
0 32
0 32
0 32
0 32
0 32
0 32
0 32
0 32
0 32
0 32
0 32
0 32
0 32
0 32
0 32
0 32
0 32
0 32
0 32
0 32
0 32
0 32
0 32
0 32
0 32
0 32
0 32
0 32
0 32
0 32
0 32
0 32
0 32
0 32
0 32
0 32
0 32
0 32
0 32
0 32
0 32
0 32
0 32
0 32

0 32
0 32
0 32
0 32
0 32
0 32
0 32
0 32
0 32
0 32
0 32
0 32
0 32
0 32
0 32
0 32
0 32
0 32
0 32
0 32
0 32
0 32
0 32
0 32
0 32
0 32
0 32
0 32
0 32
0 32
0 32
0 32
0 32
0 32
0 32
0 32
0 32
0 32
0 32
0 32
0 32
0 32
0 32
0 32
0 32
0 32
0 32
0 32
0 32
0 32
0 32
0 32
0 32
0 32
0 32
0 32
0 32
0 32
0 32
0 32
0 32
0 32
0 32
0 32

16 32
16 32
16 32
16 32
16 32
16 32
16 32
16 32
16 32
16 32
16 32
16 32
16 32
16 32
16 32
16 32
16 32
16 32
16 32
16 32
16 32
16 32
16 32
16 32
16 32
16 32
16 32
16 32
16 32
16 32
16 32
16 32
16 32
16 32
16 32
16 32
16 32
16 32
16 32
16 32
16 32
16 32
16 32
16 32
16 32
16 32
16 32
16 32
16 32
16 32
16 32
16 32
16 32
16 32
16 32
16 32
16 32
16 32
16 32
16 32
16 32
16 32
16 32
16 32

5 1
3 5
5 3
1 5
5 0
5 5
5 4
0 5
5 4
4 5
5 2
4 5
5 1
4 5
5 0
4 5
5 5
0 5
5 5
0 5
5 5
0 5
5 2
0 5
5 1
0 5
5 0
0 5
5 1
0 5
5 2
2 5
5 3
4 5
5 0
4 5
5 0
2 5
5 5
0 5
5 1
5 5
5 0
3 5
5 0
0 5
5 0
5 5
5 0
0 5
5 4
5 5
5 0
0 5
5 3
4 5
5 5
1 5
5 0
0 5
5 2
0 5
5 4
2 5

26 28 22 24 26 29 28 33 28 23 24 21 31 24 21 27 22 28 29 28 31 31 30 34 30 21 35 18 31 29 25 31
36 28 31 29 26 30 34 26 26 31 27 31 21 27 29 25 30 30 31 31 27 26 26 22 26 29 20 32 24 30 36 33
