128
16
32
4
5

0 32
0 32
0 32
0 32
0 32
0 32
0 32
0 32
0 32
0 32
0 32
0 32
0 32
0 32
0 32
0 32
0 32
0 32
0 32
0 32
0 32
0 32
0 32
0 32
0 32
0 32
0 32
0 32
0 32
0 32
0 32
0 32
0 32
0 32
0 32
0 32
0 32
0 32
0 32
0 32
0 32
0 32
0 32
0 32
0 32
0 32
0 32
0 32
0 32
0 32
0 32
0 32
0 32
0 32
0 32
0 32
0 32
0 32
0 32
0 32
0 32
0 32
0 32
0 32
0 32
0 32
0 32
0 32
0 32
0 32
0 32
0 32
0 32
0 32
0 32
0 32
0 32
0 32
0 32
0 32
0 32
0 32
0 32
0 32
0 32
0 32
0 32
0 32
0 32
0 32
0 32
0 32
0 32
0 32
0 32
0 32
0 32
0 32
0 32
0 32
0 32
0 32
0 32
0 32
0 32
0 32
0 32
0 32
0 32
0 32
0 32
0 32
0 32
0 32
0 32
0 32
0 32
0 32
0 32
0 32
0 32
0 32
0 32
0 32
0 32
0 32
0 32
0 32

0 32
0 32
0 32
0 32
0 32
0 32
0 32
0 32
0 32
0 32
0 32
0 32
0 32
0 32
0 32
0 32
0 32
0 32
0 32
0 32
0 32
0 32
0 32
0 32
0 32
0 32
0 32
0 32
0 32
0 32
0 32
0 32
0 32
0 32
0 32
0 32
0 32
0 32
0 32
0 32
0 32
0 32
0 32
0 32
0 32
0 32
0 32
0 32
0 32
0 32
0 32
0 32
0 32
0 32
0 32
0 32
0 32
0 32
0 32
0 32
0 32
0 32
0 32
0 32
0 32
0 32
0 32
0 32
0 32
0 32
0 32
0 32
0 32
0 32
0 32
0 32
0 32
0 32
0 32
0 32
0 32
0 32
0 32
0 32
0 32
0 32
0 32
0 32
0 32
0 32
0 32
0 32
0 32
0 32
0 32
0 32
0 32
0 32
0 32
0 32
0 32
0 32
0 32
0 32
0 32
0 32
0 32
0 32
0 32
0 32
0 32
0 32
0 32
0 32
0 32
0 32
0 32
0 32
0 32
0 32
0 32
0 32
0 32
0 32
0 32
0 32
0 32
0 32

16 32
16 32
16 32
16 32
16 32
16 32
16 32
16 32
16 32
16 32
16 32
16 32
16 32
16 32
16 32
16 32
16 32
16 32
16 32
16 32
16 32
16 32
16 32
16 32
16 32
16 32
16 32
16 32
16 32
16 32
16 32
16 32
16 32
16 32
16 32
16 32
16 32
16 32
16 32
16 32
16 32
16 32
16 32
16 32
16 32
16 32
16 32
16 32
16 32
16 32
16 32
16 32
16 32
16 32
16 32
16 32
16 32
16 32
16 32
16 32
16 32
16 32
16 32
16 32
16 32
16 32
16 32
16 32
16 32
16 32
16 32
16 32
16 32
16 32
16 32
16 32
16 32
16 32
16 32
16 32
16 32
16 32
16 32
16 32
16 32
16 32
16 32
16 32
16 32
16 32
16 32
16 32
16 32
16 32
16 32
16 32
16 32
16 32
16 32
16 32
16 32
16 32
16 32
16 32
16 32
16 32
16 32
16 32
16 32
16 32
16 32
16 32
16 32
16 32
16 32
16 32
16 32
16 32
16 32
16 32
16 32
16 32
16 32
16 32
16 32
16 32
16 32
16 32

5 0 4 0 0 0 0 0 0 0 0 0 0 0 0 5
0 5 0 0 0 0 5 0 0 0 5 0 0 0 2 0
0 0 5 0 0 0 0 0 0 0 0 0 0 0 0 0
0 0 0 5 0 0 0 0 0 0 0 0 0 0 0 0
0 0 0 3 5 0 1 0 3 0 0 0 1 0 0 0
4 0 0 3 0 5 4 0 0 0 3 0 0 0 0 0
0 0 0 0 4 0 5 0 5 5 0 0 0 0 0 0
0 0 3 0 0 0 0 5 0 0 0 0 0 3 0 4
0 0 0 0 0 0 0 0 5 0 0 0 0 0 0 0
0 0 0 0 0 0 0 0 0 5 0 0 0 0 0 0
0 0 0 0 0 0 0 0 0 0 5 0 0 0 0 0
0 0 0 0 0 0 0 0 0 0 0 5 0 0 0 0
0 0 0 0 0 0 1 0 4 0 0 0 5 0 5 0
0 4 0 0 0 3 0 0 0 0 0 0 0 5 0 2
0 3 0 2 0 0 5 0 0 0 0 0 5 0 5 0
0 0 0 0 0 0 0 0 0 0 0 0 0 0 0 5
5 0 1 0 0 0 0 0 0 3 0 3 0 0 0 0
0 5 0 3 0 0 0 0 3 0 2 5 0 0 0 0
0 0 5 0 0 0 0 0 0 0 0 0 0 0 0 0
2 1 0 5 0 2 1 0 0 0 0 0 0 0 0 5
0 0 0 0 5 0 4 5 0 0 0 0 4 0 0 0
0 0 0 0 0 5 0 0 0 0 0 0 0 0 0 0
0 0 0 0 0 0 5 0 0 0 0 0 0 0 0 0
0 0 0 0 1 4 0 5 4 0 0 0 0 0 0 3
0 0 0 0 4 0 3 0 5 0 0 0 0 0 2 0
0 0 0 0 3 0 0 2 0 5 0 0 0 0 0 0
1 0 1 0 0 0 0 0 1 0 5 0 0 2 0 0
0 0 0 0 0 0 0 0 0 0 0 5 0 0 0 0
0 0 0 0 0 0 0 0 0 0 0 0 5 0 0 0
0 0 0 0 2 3 0 0 0 0 0 0 5 5 0 0
0 0 0 0 0 0 0 0 0 0 0 0 0 0 5 0
0 0 0 0 0 0 0 0 0 0 0 0 0 0 0 5
5 0 0 0 0 0 0 0 0 0 0 0 2 3 0 4
0 5 0 3 0 0 1 0 0 0 0 5 0 0 0 0
0 2 5 0 0 0 2 0 0 0 0 4 4 0 0 0
0 0 0 5 5 0 0 0 0 0 0 0 0 0 0 1
0 0 0 0 5 0 3 0 0 0 2 5 0 0 0 0
0 0 0 0 3 5 0 0 4 0 0 0 0 0 0 0
0 0 0 0 0 0 5 0 0 0 0 0 2 0 0 0
0 5 0 0 0 0 3 5 0 0 0 0 0 0 0 1
0 5 0 0 0 0 0 2 5 0 0 0 0 0 0 0
0 0 0 0 4 0 0 0 0 5 0 0 2 0 4 0
0 0 0 0 0 0 0 0 0 0 5 0 0 0 0 0
0 0 0 0 0 1 0 1 0 0 0 5 0 0 0 0
0 0 0 0 0 0 0 0 0 0 0 0 5 0 0 0
0 0 2 0 0 0 0 0 0 0 4 0 0 5 0 0
0 3 0 3 0 0 0 0 0 0 3 0 0 0 5 5
0 0 0 2 0 0 0 0 0 0 0 0 0 0 3 5
5 0 0 2 0 0 0 0 0 0 0 0 0 0 2 5
0 5 0 0 0 0 2 0 3 0 0 0 4 0 0 0
0 0 5 0 0 0 0 0 0 0 0 0 0 0 0 0
0 0 0 5 0 0 0 0 0 0 0 0 0 0 0 0
0 0 0 0 5 0 0 0 0 0 1 0 2 0 0 0
0 0 0 0 0 5 0 0 0 0 0 0 0 0 0 0
0 0 0 0 0 0 5 0 0 0 0 0 0 0 0 0
0 0 0 0 0 0 0 5 0 0 0 0 0 0 0 0
0 1 4 1 0 0 5 0 5 0 0 2 0 0 0 0
0 0 0 0 1 2 0 1 0 5 0 0 0 0 0 0
0 0 0 0 0 0 0 0 0 0 5 0 0 0 0 0
0 2 0 0 0 0 0 0 0 3 0 5 4 0 0 5
0 0 0 0 0 0 0 0 5 4 0 3 5 0 0 3
0 4 0 0 0 0 5 0 0 0 0 0 0 5 0 0
0 0 0 0 0 0 0 0 0 0 0 0 0 0 5 0
0 0 0 0 0 0 2 3 0 0 0 0 4 0 0 5
5 1 1 1 0 0 0 5 0 0 5 0 0 0 0 0
0 5 0 5 0 0 0 1 0 0 0 0 0 0 0 0
0 0 5 0 0 0 1 0 0 2 1 0 0 0 0 0
0 0 0 5 5 0 2 0 0 0 0 0 3 0 0 0
0 0 0 0 5 0 0 0 0 0 0 0 0 0 0 0
0 0 0 0 0 5 0 0 0 0 0 0 0 0 0 0
3 0 0 0 0 0 5 0 0 2 4 0 0 0 0 0
0 0 0 0 0 1 0 5 0 3 0 0 0 0 0 0
0 0 0 0 0 0 0 0 5 0 0 0 0 0 0 0
4 0 0 0 5 0 0 0 0 5 0 0 0 0 0 0
0 0 0 0 0 0 0 0 0 0 5 2 0 0 0 0
1 0 0 0 3 5 0 0 0 0 0 5 0 0 0 2
5 0 0 0 4 0 0 0 0 0 3 0 5 0 0 0
0 0 0 0 4 0 0 3 0 1 0 0 0 5 0 0
0 0 0 0 5 0 0 0 0 0 0 0 3 0 5 0
0 1 0 0 0 5 3 0 0 0 5 0 0 0 0 5
5 0 0 0 0 0 0 0 1 2 5 3 0 0 0 0
0 5 0 0 0 0 0 0 0 0 4 0 4 0 0 0
3 0 5 0 0 2 0 0 0 0 0 3 0 4 0 0
0 0 0 5 0 0 0 0 0 1 0 0 0 4 0 0
0 0 0 0 5 0 0 0 0 0 0 0 0 0 0 0
0 0 0 0 0 5 0 0 0 0 0 0 3 0 5 0
0 0 0 0 0 0 5 0 0 0 0 0 0 0 0 0
0 0 1 2 0 0 0 5 0 0 3 0 0 0 0 0
0 0 5 0 0 0 1 0 5 2 5 0 0 0 0 0
0 0 0 0 0 0 0 0 0 5 0 0 0 0 0 0
0 1 4 0 0 0 0 0 0 0 5 0 0 0 0 0
0 0 3 0 0 2 0 0 4 0 0 5 0 0 0 0
0 0 1 0 0 0 0 2 0 0 0 4 5 0 5 0
0 0 0 0 0 0 0 0 0 0 0 0 0 5 3 1
0 0 0 0 0 0 0 0 0 0 0 2 0 3 5 0
0 3 0 0 0 0 0 0 0 0 2 0 0 0 0 5
5 0 0 0 0 3 3 0 5 0 0 0 0 0 0 1
0 5 0 0 0 0 0 0 0 0 0 0 0 0 0 0
0 0 5 0 0 0 0 0 0 0 0 0 0 0 0 0
2 0 1 5 2 0 0 0 0 0 1 0 0 0 0 0
0 0 0 2 5 0 0 0 0 1 0 0 3 0 0 0
0 2 0 0 0 5 0 0 0 0 0 5 0 0 0 0
0 0 0 0 0 0 5 0 0 0 0 0 0 0 0 0
2 1 0 0 0 0 0 5 0 0 2 0 1 0 0 0
0 0 0 0 0 0 0 0 5 0 0 0 0 0 0 0
0 0 4 4 0 3 0 0 0 5 0 0 0 0 0 0
0 0 0 0 3 0 0 0 0 0 5 0 0 0 0 0
1 0 0 2 5 0 0 0 0 0 0 5 0 0 0 0
5 0 0 0 0 0 2 0 0 0 2 0 5 0 0 0
0 0 0 0 0 0 1 0 0 0 0 1 0 5 1 0
0 0 0 0 0 0 0 0 0 0 0 0 0 0 5 0
0 0 0 0 5 0 0 0 0 2 0 0 0 0 0 5
5 0 3 0 0 0 2 0 2 1 0 0 0 0 0 0
0 5 0 0 0 0 0 0 0 0 0 0 0 0 0 0
0 0 5 0 0 0 0 0 0 0 0 0 0 0 0 0
0 0 0 5 0 0 0 0 1 0 0 0 0 5 3 1
5 0 0 0 5 0 2 0 0 0 0 0 0 5 2 0
0 0 0 0 0 5 0 0 0 0 0 0 0 0 0 0
0 0 0 0 0 0 5 0 0 0 0 0 0 0 0 0
0 0 0 0 0 0 0 5 0 2 0 2 2 0 0 0
0 0 0 5 0 0 0 0 5 0 0 0 0 0 1 0
3 0 5 0 0 0 0 0 0 5 4 0 0 3 0 0
0 0 0 0 0 0 4 1 0 0 5 0 0 1 0 0
0 0 0 0 0 0 0 0 0 0 0 5 0 0 0 0
0 0 0 4 0 0 0 0 0 0 3 5 5 0 0 0
0 0 0 0 0 0 0 0 0 0 0 0 0 5 0 0
0 0 0 0 0 0 0 0 0 0 0 0 0 0 5 0
0 0 0 0 0 0 0 0 0 0 0 0 0 0 0 5

3 3 6 7 7 6 4 4 7 7 4 4 4 7 7 5 4 2 3 3 2 1 5 3 3 4 5 7 4 2 8 3
5 5 6 5 7 6 6 0 7 7 4 9 5 5 4 5 4 6 3 9 6 5 8 5 3 8 9 8 8 9 7 9
6 7 11 8 8 7 9 10 7 8 7 9 11 6 10 6 7 8 10 10 11 8 11 9 9 5 6 7 5 8 10 13
10 8 8 6 11 9 3 7 8 6 5 5 5 7 8 3 7 6 6 6 8 7 5 5 8 8 5 1 9 7 6 12
9 11 9 7 7 5 7 5 10 9 8 8 9 10 7 8 4 8 6 6 9 9 7 8 7 10 8 8 6 8 10 9
9 8 7 4 8 4 10 7 5 9 5 10 6 9 5 7 5 5 7 10 4 4 6 9 9 7 9 5 6 6 5 7
11 13 9 12 7 11 8 11 7 10 10 11 10 8 8 10 12 9 10 12 9 14 11 8 7 9 13 9 10 13 6 9
2 6 5 5 2 1 6 5 4 5 7 5 3 5 9 8 3 3 0 6 6 5 5 7 3 8 5 9 5 6 2 6
9 8 6 10 7 8 7 6 4 6 9 7 7 10 6 5 7 9 6 4 4 6 8 7 5 7 4 6 10 8 8 5
12 7 5 7 8 9 6 8 6 2 6 7 10 7 5 10 6 6 9 3 5 7 5 8 11 3 5 5 5 6 8 5
10 9 7 7 4 7 10 10 12 7 8 7 7 6 8 11 12 9 8 9 7 8 9 11 9 3 7 9 9 6 11 12
6 8 8 8 8 5 3 4 6 6 6 6 7 9 9 7 10 7 9 6 4 9 5 7 6 7 6 6 7 8 12 5
8 9 6 4 8 5 11 9 5 6 9 5 8 5 6 5 7 5 6 5 12 8 7 11 11 8 7 7 8 11 13 9
4 2 2 3 4 7 4 7 2 7 4 6 5 8 1 4 5 5 4 4 6 7 5 5 7 6 5 6 5 6 4 3
8 7 8 6 6 5 7 8 8 7 7 6 8 6 9 8 5 8 12 7 5 7 6 6 7 6 7 9 5 7 8 11
9 9 8 6 6 7 3 5 7 6 8 8 8 5 8 6 9 5 7 8 9 9 11 3 7 7 4 6 7 9 5 9
