64
2
32
4
5

0 32
0 32
0 32
0 32
0 32
0 32
0 32
0 32
0 32
0 32
0 32
0 32
0 32
0 32
0 32
0 32
0 32
0 32
0 32
0 32
0 32
0 32
0 32
0 32
0 32
0 32
0 32
0 32
0 32
0 32
0 32
0 32
0 32
0 32
0 32
0 32
0 32
0 32
0 32
0 32
0 32
0 32
0 32
0 32
0 32
0 32
0 32
0 32
0 32
0 32
0 32
0 32
0 32
0 32
0 32
0 32
0 32
0 32
0 32
0 32
0 32
0 32
0 32
0 32

0 32
0 32
0 32
0 32
0 32
0 32
0 32
0 32
0 32
0 32
0 32
0 32
0 32
0 32
0 32
0 32
0 32
0 32
0 32
0 32
0 32
0 32
0 32
0 32
0 32
0 32
0 32
0 32
0 32
0 32
0 32
0 32
0 32
0 32
0 32
0 32
0 32
0 32
0 32
0 32
0 32
0 32
0 32
0 32
0 32
0 32
0 32
0 32
0 32
0 32
0 32
0 32
0 32
0 32
0 32
0 32
0 32
0 32
0 32
0 32
0 32
0 32
0 32
0 32

16 32
16 32
16 32
16 32
16 32
16 32
16 32
16 32
16 32
16 32
16 32
16 32
16 32
16 32
16 32
16 32
16 32
16 32
16 32
16 32
16 32
16 32
16 32
16 32
16 32
16 32
16 32
16 32
16 32
16 32
16 32
16 32
16 32
16 32
16 32
16 32
16 32
16 32
16 32
16 32
16 32
16 32
16 32
16 32
16 32
16 32
16 32
16 32
16 32
16 32
16 32
16 32
16 32
16 32
16 32
16 32
16 32
16 32
16 32
16 32
16 32
16 32
16 32
16 32

5 4
3 5
5 0
3 5
5 1
4 5
5 4
4 5
5 3
0 5
5 0
0 5
5 3
0 5
5 3
2 5
5 1
5 5
5 0
2 5
5 3
0 5
5 2
0 5
5 0
0 5
5 0
5 5
5 5
1 5
5 0
0 5
5 4
0 5
5 0
3 5
5 2
0 5
5 0
4 5
5 4
1 5
5 5
4 5
5 2
1 5
5 0
3 5
5 0
1 5
5 4
1 5
5 0
2 5
5 3
1 5
5 1
0 5
5 2
3 5
5 5
4 5
5 4
4 5

30 33 26 28 31 35 21 28 26 29 23 26 22 27 31 27 28 28 30 31 33 23 32 24 28 20 26 26 27 28 31 27
28 27 25 28 27 24 33 28 26 26 26 28 26 26 24 27 23 29 25 25 21 27 16 22 22 28 21 23 24 24 28 37
