64
2
32
4
5

0 32
0 32
0 32
0 32
0 32
0 32
0 32
0 32
0 32
0 32
0 32
0 32
0 32
0 32
0 32
0 32
0 32
0 32
0 32
0 32
0 32
0 32
0 32
0 32
0 32
0 32
0 32
0 32
0 32
0 32
0 32
0 32
0 32
0 32
0 32
0 32
0 32
0 32
0 32
0 32
0 32
0 32
0 32
0 32
0 32
0 32
0 32
0 32
0 32
0 32
0 32
0 32
0 32
0 32
0 32
0 32
0 32
0 32
0 32
0 32
0 32
0 32
0 32
0 32

0 32
0 32
0 32
0 32
0 32
0 32
0 32
0 32
0 32
0 32
0 32
0 32
0 32
0 32
0 32
0 32
0 32
0 32
0 32
0 32
0 32
0 32
0 32
0 32
0 32
0 32
0 32
0 32
0 32
0 32
0 32
0 32
0 32
0 32
0 32
0 32
0 32
0 32
0 32
0 32
0 32
0 32
0 32
0 32
0 32
0 32
0 32
0 32
0 32
0 32
0 32
0 32
0 32
0 32
0 32
0 32
0 32
0 32
0 32
0 32
0 32
0 32
0 32
0 32

16 32
16 32
16 32
16 32
16 32
16 32
16 32
16 32
16 32
16 32
16 32
16 32
16 32
16 32
16 32
16 32
16 32
16 32
16 32
16 32
16 32
16 32
16 32
16 32
16 32
16 32
16 32
16 32
16 32
16 32
16 32
16 32
16 32
16 32
16 32
16 32
16 32
16 32
16 32
16 32
16 32
16 32
16 32
16 32
16 32
16 32
16 32
16 32
16 32
16 32
16 32
16 32
16 32
16 32
16 32
16 32
16 32
16 32
16 32
16 32
16 32
16 32
16 32
16 32

5 4
0 5
5 0
5 5
5 1
2 5
5 3
1 5
5 1
4 5
5 4
1 5
5 2
0 5
5 4
0 5
5 0
1 5
5 5
4 5
5 4
0 5
5 4
4 5
5 3
4 5
5 2
0 5
5 3
5 5
5 0
0 5
5 4
2 5
5 2
3 5
5 0
4 5
5 0
5 5
5 2
4 5
5 1
4 5
5 0
5 5
5 3
4 5
5 5
1 5
5 2
1 5
5 0
0 5
5 0
2 5
5 0
2 5
5 0
5 5
5 0
3 5
5 0
5 5

26 36 30 28 27 31 23 33 31 31 25 22 30 26 27 31 25 22 31 27 33 30 23 31 28 21 28 29 32 35 32 33
37 25 24 26 28 20 33 23 24 22 26 26 22 23 21 20 28 27 22 30 25 24 30 20 24 34 23 26 28 26 26 31
