64
2
32
4
5

0 32
0 32
0 32
0 32
0 32
0 32
0 32
0 32
0 32
0 32
0 32
0 32
0 32
0 32
0 32
0 32
0 32
0 32
0 32
0 32
0 32
0 32
0 32
0 32
0 32
0 32
0 32
0 32
0 32
0 32
0 32
0 32
0 32
0 32
0 32
0 32
0 32
0 32
0 32
0 32
0 32
0 32
0 32
0 32
0 32
0 32
0 32
0 32
0 32
0 32
0 32
0 32
0 32
0 32
0 32
0 32
0 32
0 32
0 32
0 32
0 32
0 32
0 32
0 32

0 32
0 32
0 32
0 32
0 32
0 32
0 32
0 32
0 32
0 32
0 32
0 32
0 32
0 32
0 32
0 32
0 32
0 32
0 32
0 32
0 32
0 32
0 32
0 32
0 32
0 32
0 32
0 32
0 32
0 32
0 32
0 32
0 32
0 32
0 32
0 32
0 32
0 32
0 32
0 32
0 32
0 32
0 32
0 32
0 32
0 32
0 32
0 32
0 32
0 32
0 32
0 32
0 32
0 32
0 32
0 32
0 32
0 32
0 32
0 32
0 32
0 32
0 32
0 32

16 32
16 32
16 32
16 32
16 32
16 32
16 32
16 32
16 32
16 32
16 32
16 32
16 32
16 32
16 32
16 32
16 32
16 32
16 32
16 32
16 32
16 32
16 32
16 32
16 32
16 32
16 32
16 32
16 32
16 32
16 32
16 32
16 32
16 32
16 32
16 32
16 32
16 32
16 32
16 32
16 32
16 32
16 32
16 32
16 32
16 32
16 32
16 32
16 32
16 32
16 32
16 32
16 32
16 32
16 32
16 32
16 32
16 32
16 32
16 32
16 32
16 32
16 32
16 32

5 0
1 5
5 5
5 5
5 0
4 5
5 1
3 5
5 0
0 5
5 3
0 5
5 2
0 5
5 0
0 5
5 4
0 5
5 4
2 5
5 0
2 5
5 3
0 5
5 0
0 5
5 1
0 5
5 2
1 5
5 0
0 5
5 3
3 5
5 0
1 5
5 3
1 5
5 0
5 5
5 0
5 5
5 4
1 5
5 0
2 5
5 5
4 5
5 4
0 5
5 5
0 5
5 0
2 5
5 1
0 5
5 5
4 5
5 2
4 5
5 0
0 5
5 0
0 5

28 32 26 24 32 30 20 31 26 29 26 33 29 22 27 28 26 27 30 21 24 22 24 31 24 31 34 24 25 33 36 32
30 28 25 28 19 24 31 25 29 23 29 21 23 30 26 30 29 31 25 33 30 30 30 21 32 27 22 31 32 26 26 32
