64
2
32
4
5

0 32
0 32
0 32
0 32
0 32
0 32
0 32
0 32
0 32
0 32
0 32
0 32
0 32
0 32
0 32
0 32
0 32
0 32
0 32
0 32
0 32
0 32
0 32
0 32
0 32
0 32
0 32
0 32
0 32
0 32
0 32
0 32
0 32
0 32
0 32
0 32
0 32
0 32
0 32
0 32
0 32
0 32
0 32
0 32
0 32
0 32
0 32
0 32
0 32
0 32
0 32
0 32
0 32
0 32
0 32
0 32
0 32
0 32
0 32
0 32
0 32
0 32
0 32
0 32

0 32
0 32
0 32
0 32
0 32
0 32
0 32
0 32
0 32
0 32
0 32
0 32
0 32
0 32
0 32
0 32
0 32
0 32
0 32
0 32
0 32
0 32
0 32
0 32
0 32
0 32
0 32
0 32
0 32
0 32
0 32
0 32
0 32
0 32
0 32
0 32
0 32
0 32
0 32
0 32
0 32
0 32
0 32
0 32
0 32
0 32
0 32
0 32
0 32
0 32
0 32
0 32
0 32
0 32
0 32
0 32
0 32
0 32
0 32
0 32
0 32
0 32
0 32
0 32

16 32
16 32
16 32
16 32
16 32
16 32
16 32
16 32
16 32
16 32
16 32
16 32
16 32
16 32
16 32
16 32
16 32
16 32
16 32
16 32
16 32
16 32
16 32
16 32
16 32
16 32
16 32
16 32
16 32
16 32
16 32
16 32
16 32
16 32
16 32
16 32
16 32
16 32
16 32
16 32
16 32
16 32
16 32
16 32
16 32
16 32
16 32
16 32
16 32
16 32
16 32
16 32
16 32
16 32
16 32
16 32
16 32
16 32
16 32
16 32
16 32
16 32
16 32
16 32

5 3
5 5
5 0
1 5
5 0
5 5
5 0
5 5
5 0
0 5
5 0
0 5
5 0
4 5
5 1
5 5
5 0
0 5
5 0
3 5
5 5
3 5
5 0
3 5
5 4
1 5
5 0
4 5
5 0
5 5
5 4
0 5
5 4
2 5
5 0
0 5
5 2
2 5
5 1
0 5
5 5
0 5
5 0
5 5
5 1
2 5
5 4
4 5
5 0
1 5
5 1
1 5
5 5
3 5
5 2
0 5
5 0
0 5
5 1
2 5
5 0
0 5
5 4
5 5

28 30 27 28 21 32 34 31 35 35 29 25 27 27 31 28 24 31 26 28 30 32 27 30 31 25 27 28 26 36 35 36
32 27 23 23 32 21 21 28 25 20 26 27 23 22 26 27 31 21 22 16 19 21 28 22 28 28 27 27 33 24 29 25
