64
2
32
4
5

0 32
0 32
0 32
0 32
0 32
0 32
0 32
0 32
0 32
0 32
0 32
0 32
0 32
0 32
0 32
0 32
0 32
0 32
0 32
0 32
0 32
0 32
0 32
0 32
0 32
0 32
0 32
0 32
0 32
0 32
0 32
0 32
0 32
0 32
0 32
0 32
0 32
0 32
0 32
0 32
0 32
0 32
0 32
0 32
0 32
0 32
0 32
0 32
0 32
0 32
0 32
0 32
0 32
0 32
0 32
0 32
0 32
0 32
0 32
0 32
0 32
0 32
0 32
0 32

0 32
0 32
0 32
0 32
0 32
0 32
0 32
0 32
0 32
0 32
0 32
0 32
0 32
0 32
0 32
0 32
0 32
0 32
0 32
0 32
0 32
0 32
0 32
0 32
0 32
0 32
0 32
0 32
0 32
0 32
0 32
0 32
0 32
0 32
0 32
0 32
0 32
0 32
0 32
0 32
0 32
0 32
0 32
0 32
0 32
0 32
0 32
0 32
0 32
0 32
0 32
0 32
0 32
0 32
0 32
0 32
0 32
0 32
0 32
0 32
0 32
0 32
0 32
0 32

16 32
16 32
16 32
16 32
16 32
16 32
16 32
16 32
16 32
16 32
16 32
16 32
16 32
16 32
16 32
16 32
16 32
16 32
16 32
16 32
16 32
16 32
16 32
16 32
16 32
16 32
16 32
16 32
16 32
16 32
16 32
16 32
16 32
16 32
16 32
16 32
16 32
16 32
16 32
16 32
16 32
16 32
16 32
16 32
16 32
16 32
16 32
16 32
16 32
16 32
16 32
16 32
16 32
16 32
16 32
16 32
16 32
16 32
16 32
16 32
16 32
16 32
16 32
16 32

5 0
4 5
5 0
0 5
5 5
0 5
5 4
3 5
5 0
1 5
5 0
3 5
5 0
0 5
5 0
2 5
5 5
0 5
5 1
4 5
5 3
0 5
5 0
2 5
5 0
0 5
5 0
1 5
5 3
2 5
5 2
2 5
5 0
2 5
5 5
0 5
5 0
3 5
5 0
5 5
5 3
1 5
5 0
0 5
5 0
0 5
5 2
2 5
5 0
2 5
5 0
0 5
5 0
0 5
5 0
5 5
5 1
0 5
5 0
0 5
5 3
1 5
5 3
2 5

27 25 22 28 26 27 30 30 31 27 28 24 28 24 22 26 28 26 34 33 25 32 29 27 32 27 27 31 34 28 35 31
28 27 30 19 24 24 25 24 19 24 23 27 19 26 27 23 24 25 24 18 27 25 19 22 21 22 23 19 21 26 23 33
