128
16
32
4
5

0 32
0 32
0 32
0 32
0 32
0 32
0 32
0 32
0 32
0 32
0 32
0 32
0 32
0 32
0 32
0 32
0 32
0 32
0 32
0 32
0 32
0 32
0 32
0 32
0 32
0 32
0 32
0 32
0 32
0 32
0 32
0 32
0 32
0 32
0 32
0 32
0 32
0 32
0 32
0 32
0 32
0 32
0 32
0 32
0 32
0 32
0 32
0 32
0 32
0 32
0 32
0 32
0 32
0 32
0 32
0 32
0 32
0 32
0 32
0 32
0 32
0 32
0 32
0 32
0 32
0 32
0 32
0 32
0 32
0 32
0 32
0 32
0 32
0 32
0 32
0 32
0 32
0 32
0 32
0 32
0 32
0 32
0 32
0 32
0 32
0 32
0 32
0 32
0 32
0 32
0 32
0 32
0 32
0 32
0 32
0 32
0 32
0 32
0 32
0 32
0 32
0 32
0 32
0 32
0 32
0 32
0 32
0 32
0 32
0 32
0 32
0 32
0 32
0 32
0 32
0 32
0 32
0 32
0 32
0 32
0 32
0 32
0 32
0 32
0 32
0 32
0 32
0 32

0 32
0 32
0 32
0 32
0 32
0 32
0 32
0 32
0 32
0 32
0 32
0 32
0 32
0 32
0 32
0 32
0 32
0 32
0 32
0 32
0 32
0 32
0 32
0 32
0 32
0 32
0 32
0 32
0 32
0 32
0 32
0 32
0 32
0 32
0 32
0 32
0 32
0 32
0 32
0 32
0 32
0 32
0 32
0 32
0 32
0 32
0 32
0 32
0 32
0 32
0 32
0 32
0 32
0 32
0 32
0 32
0 32
0 32
0 32
0 32
0 32
0 32
0 32
0 32
0 32
0 32
0 32
0 32
0 32
0 32
0 32
0 32
0 32
0 32
0 32
0 32
0 32
0 32
0 32
0 32
0 32
0 32
0 32
0 32
0 32
0 32
0 32
0 32
0 32
0 32
0 32
0 32
0 32
0 32
0 32
0 32
0 32
0 32
0 32
0 32
0 32
0 32
0 32
0 32
0 32
0 32
0 32
0 32
0 32
0 32
0 32
0 32
0 32
0 32
0 32
0 32
0 32
0 32
0 32
0 32
0 32
0 32
0 32
0 32
0 32
0 32
0 32
0 32

16 32
16 32
16 32
16 32
16 32
16 32
16 32
16 32
16 32
16 32
16 32
16 32
16 32
16 32
16 32
16 32
16 32
16 32
16 32
16 32
16 32
16 32
16 32
16 32
16 32
16 32
16 32
16 32
16 32
16 32
16 32
16 32
16 32
16 32
16 32
16 32
16 32
16 32
16 32
16 32
16 32
16 32
16 32
16 32
16 32
16 32
16 32
16 32
16 32
16 32
16 32
16 32
16 32
16 32
16 32
16 32
16 32
16 32
16 32
16 32
16 32
16 32
16 32
16 32
16 32
16 32
16 32
16 32
16 32
16 32
16 32
16 32
16 32
16 32
16 32
16 32
16 32
16 32
16 32
16 32
16 32
16 32
16 32
16 32
16 32
16 32
16 32
16 32
16 32
16 32
16 32
16 32
16 32
16 32
16 32
16 32
16 32
16 32
16 32
16 32
16 32
16 32
16 32
16 32
16 32
16 32
16 32
16 32
16 32
16 32
16 32
16 32
16 32
16 32
16 32
16 32
16 32
16 32
16 32
16 32
16 32
16 32
16 32
16 32
16 32
16 32
16 32
16 32

5 0 0 5 0 0 0 0 0 0 4 0 0 0 0 0
0 5 0 0 2 0 0 0 0 3 0 0 0 0 0 0
0 4 5 0 0 0 0 0 0 0 0 0 0 0 5 0
0 0 0 5 0 0 0 0 2 0 0 0 2 0 0 0
0 0 0 0 5 0 0 0 0 0 0 0 0 0 0 0
0 0 0 0 0 5 0 0 0 0 0 0 0 0 0 0
0 0 0 0 0 0 5 0 0 0 0 0 0 0 0 0
0 0 2 0 0 0 0 5 0 3 0 2 0 0 0 0
0 0 0 0 0 0 4 0 5 0 5 0 0 0 3 2
0 0 0 5 0 0 0 0 0 5 3 0 0 0 0 0
0 0 0 0 0 0 0 0 0 0 5 0 0 0 0 0
0 0 0 0 0 3 0 0 0 0 0 5 0 1 0 0
0 0 0 0 0 4 0 2 0 0 3 4 5 0 0 0
0 0 0 3 5 0 0 0 2 0 0 1 0 5 0 0
0 0 0 0 0 0 0 0 0 0 0 0 0 0 5 0
3 0 0 0 5 0 0 0 0 0 5 0 0 0 2 5
5 0 0 0 0 0 0 0 0 0 0 0 0 0 0 0
0 5 0 0 0 0 0 0 0 0 0 0 0 0 0 0
0 0 5 0 0 0 0 0 0 0 0 0 0 0 0 0
0 0 0 5 0 0 0 0 0 0 0 0 0 0 0 0
0 0 0 0 5 0 0 0 0 0 1 0 0 0 0 0
0 0 0 0 0 5 0 0 0 0 0 0 0 0 0 0
4 0 0 3 0 0 5 0 0 0 0 0 0 1 1 0
0 0 0 0 0 0 0 5 0 0 0 0 0 0 0 0
0 0 0 5 0 0 0 1 5 0 4 0 0 0 3 0
0 0 0 0 0 4 0 5 1 5 0 0 0 0 0 0
0 0 0 0 0 4 0 0 0 3 5 0 0 0 5 0
0 4 0 0 0 0 0 1 0 2 0 5 0 0 0 0
0 5 0 0 0 0 1 2 0 0 4 0 5 0 0 0
0 0 0 0 0 0 0 0 0 0 0 0 0 5 0 0
0 0 0 0 0 0 0 0 0 0 0 0 0 0 5 0
0 0 0 0 3 0 0 0 0 0 0 0 0 2 0 5
5 4 4 0 0 0 0 0 0 0 4 0 0 0 0 0
0 5 0 0 0 0 0 5 0 0 0 0 2 0 2 0
0 0 5 0 0 0 2 0 2 0 0 0 2 0 0 0
5 0 2 5 0 0 0 0 0 0 3 0 0 5 0 0
0 0 4 0 5 0 0 2 0 0 0 0 0 0 0 0
0 1 5 0 0 5 0 1 0 0 0 0 0 0 0 0
0 0 0 0 0 0 5 3 0 0 0 0 0 0 4 0
0 0 0 0 0 0 0 5 0 0 0 0 0 0 0 0
0 0 2 0 0 0 0 0 5 0 4 0 0 0 0 0
0 0 0 0 0 0 5 0 3 5 1 2 0 0 0 0
0 0 0 0 0 0 0 0 0 0 5 0 0 0 0 0
0 0 0 0 0 0 0 0 0 0 0 5 0 0 0 0
0 0 0 0 0 0 0 0 2 0 3 0 5 0 0 0
0 0 0 0 4 0 0 0 0 1 4 0 0 5 0 0
0 0 0 0 0 0 0 0 0 0 0 0 0 0 5 0
0 0 0 0 0 0 0 0 0 5 3 0 0 2 0 5
5 0 1 0 0 0 0 0 0 0 5 2 0 0 0 0
0 5 5 0 0 3 0 0 0 0 0 0 0 2 0 0
0 0 5 0 0 0 0 0 0 0 0 0 0 0 0 0
0 0 0 5 0 0 0 0 4 0 0 3 3 0 0 0
0 0 0 0 5 0 0 0 2 0 0 0 0 0 2 0
0 0 0 0 0 5 0 0 0 0 3 0 0 0 0 1
0 4 2 4 0 0 5 0 0 0 0 5 0 0 0 0
0 0 0 0 0 5 0 5 0 0 0 0 0 3 4 0
0 0 0 2 0 0 0 0 5 4 0 0 0 0 0 0
0 0 1 0 0 2 0 5 0 5 0 3 0 0 0 0
0 3 0 0 0 0 0 0 0 0 5 1 0 0 0 0
0 0 0 0 0 2 0 0 0 0 3 5 0 0 0 0
0 0 0 0 0 0 2 0 0 0 0 0 5 2 0 0
3 0 0 4 0 0 0 0 0 0 0 0 0 5 0 0
1 0 0 0 5 0 0 0 0 1 0 4 0 0 5 0
0 0 0 0 0 0 0 0 0 0 0 0 0 0 0 5
5 0 0 0 0 0 0 0 5 0 0 0 3 0 0 0
0 5 0 0 0 0 0 0 0 0 0 0 0 0 0 0
0 4 5 0 0 0 0 4 0 0 0 0 0 0 0 4
0 0 5 5 2 0 0 0 0 0 5 0 0 0 0 0
0 0 0 0 5 0 3 4 0 0 4 0 1 0 0 0
0 0 0 0 0 5 0 0 0 0 0 0 0 0 0 0
0 4 5 0 0 0 5 0 0 0 0 0 0 0 3 5
0 0 0 0 0 0 1 5 0 0 0 0 0 0 1 0
0 0 0 0 0 0 0 0 5 0 0 0 1 0 0 5
0 0 0 0 0 0 0 0 0 5 0 0 0 0 0 0
0 0 0 0 0 0 0 0 0 0 5 0 0 0 0 0
0 0 0 0 5 0 3 0 0 4 0 5 0 0 0 0
0 2 2 0 0 0 0 0 0 0 0 0 5 0 4 0
0 0 0 0 0 0 0 0 0 0 0 0 0 5 0 0
0 0 0 0 0 0 0 0 0 0 0 0 0 0 5 0
0 1 0 0 5 0 0 0 0 0 0 4 1 0 0 5
5 0 0 0 0 0 0 5 3 3 0 0 0 0 0 0
0 5 0 0 0 0 0 0 0 0 0 0 0 0 0 0
0 0 5 0 0 0 0 0 0 0 0 0 0 0 0 0
0 0 0 5 0 0 0 0 3 1 0 0 4 0 0 0
0 4 0 0 5 0 4 0 0 1 2 0 0 0 0 4
0 1 0 1 0 5 5 0 0 0 2 2 0 0 0 0
0 0 0 0 2 2 5 5 0 0 0 0 0 4 0 0
4 0 0 1 0 0 0 5 2 0 0 4 0 0 0 0
0 0 0 0 0 0 0 1 5 0 0 2 3 0 3 0
0 3 0 0 0 0 0 0 0 5 0 0 0 4 0 0
0 0 0 0 0 0 0 0 0 0 5 0 0 0 0 0
0 0 0 0 0 0 0 0 0 0 0 5 0 0 0 0
0 0 0 0 0 0 3 0 0 0 0 0 5 0 0 2
0 0 0 0 0 0 0 0 0 0 0 0 0 5 0 0
0 0 0 0 0 0 0 0 0 0 0 0 0 0 5 0
0 0 0 0 0 2 0 0 1 0 0 0 0 0 0 5
5 0 0 0 3 0 5 0 0 5 0 0 0 0 0 0
2 5 2 3 0 0 0 0 0 0 0 0 0 0 0 0
0 0 5 0 0 0 0 0 0 0 0 0 0 0 0 0
0 0 5 5 0 5 0 0 0 0 0 0 0 1 0 0
0 0 0 0 5 0 0 4 3 0 0 0 0 0 0 0
0 2 2 0 0 5 0 0 0 2 0 0 0 0 0 0
0 0 0 0 0 0 5 0 0 0 0 0 0 0 0 0
0 0 4 4 0 0 5 5 0 0 0 1 0 0 0 0
0 0 0 0 2 0 0 0 5 0 0 5 0 0 0 0
0 0 0 0 3 0 0 3 0 5 0 0 0 5 0 0
0 0 0 0 0 0 0 0 0 0 5 0 0 0 0 0
0 0 0 0 0 0 0 0 0 0 0 5 0 0 0 0
0 0 0 0 0 0 0 0 0 0 0 0 5 0 0 0
0 0 0 0 4 1 0 0 0 0 0 1 2 5 0 3
0 0 0 0 0 0 0 0 0 0 0 2 0 0 5 0
0 0 0 0 0 0 0 0 0 0 0 0 0 0 0 5
5 0 4 0 0 0 0 0 0 0 0 0 1 0 0 0
0 5 0 0 0 0 0 0 0 0 0 0 0 0 0 0
0 0 5 0 0 0 0 0 0 0 0 0 0 0 0 0
0 0 0 5 0 0 0 0 0 0 0 0 0 0 0 0
0 0 0 0 5 0 0 0 0 0 0 0 1 0 0 0
0 0 0 0 3 5 0 0 0 0 0 0 4 0 0 0
0 0 0 1 0 0 5 0 0 0 5 0 0 0 4 0
0 0 0 3 0 1 0 5 0 0 0 0 0 0 5 0
0 0 0 0 2 0 0 0 5 5 5 0 0 0 0 0
0 0 0 0 0 0 0 0 0 5 0 0 0 0 0 0
0 0 0 0 0 0 4 0 0 0 5 0 0 0 2 0
0 0 0 0 0 0 0 0 0 0 0 5 0 0 0 0
0 0 0 0 0 3 0 5 0 0 5 0 5 0 0 0
0 0 0 0 0 0 0 0 0 0 0 0 0 5 0 0
0 0 0 0 3 0 0 1 0 2 0 0 0 4 5 5
4 0 3 0 0 0 0 1 5 0 0 0 0 0 0 5

5 3 5 0 4 4 5 4 4 3 3 6 5 4 5 5 3 3 4 4 4 2 3 4 9 3 3 3 7 5 8 7
10 8 6 10 9 8 8 6 11 9 10 8 7 6 4 6 6 8 9 6 6 6 9 3 5 7 5 7 6 9 6 8
12 13 7 11 8 8 8 6 9 7 9 7 5 6 9 5 8 10 6 9 8 10 10 7 8 9 8 8 11 8 11 7
4 7 6 9 9 3 7 6 4 9 4 4 12 9 4 3 4 5 5 8 4 5 5 5 2 5 4 4 6 7 8 8
8 4 6 5 6 8 5 9 2 6 4 6 6 8 5 5 8 7 4 6 12 9 5 7 5 4 3 5 11 9 7 3
9 9 6 4 7 7 12 6 8 6 7 8 6 7 9 6 4 5 6 5 4 6 7 6 6 7 9 6 6 6 5 9
6 5 6 5 6 4 6 2 5 7 6 6 6 6 6 7 5 7 7 6 6 4 5 4 7 7 5 6 4 8 6 5
8 4 6 8 5 6 9 4 9 6 6 6 9 5 6 5 6 9 6 9 5 8 4 9 10 6 9 12 5 5 7 11
5 6 7 5 9 3 5 7 5 6 4 7 3 8 6 8 6 5 4 6 3 3 5 3 4 2 2 4 3 7 1 4
6 9 5 8 4 10 7 9 4 6 5 9 6 8 9 5 5 9 6 7 9 8 7 6 6 10 7 7 7 5 8 4
12 10 10 8 9 15 11 14 13 10 13 8 9 9 10 12 9 10 13 10 10 10 11 12 9 11 13 11 10 11 12 15
7 8 8 6 8 7 6 7 8 9 7 13 9 9 6 6 11 7 11 8 9 8 8 8 7 7 8 9 7 9 9 9
6 4 4 5 2 4 4 6 4 5 7 5 8 5 6 4 9 3 4 5 9 10 5 5 5 6 3 3 7 8 8 8
6 7 9 7 6 6 6 8 10 5 9 6 3 6 4 5 5 7 11 6 8 7 6 7 8 7 7 7 7 10 6 7
11 10 8 8 11 10 10 7 7 4 12 10 10 7 6 7 7 8 6 13 10 6 10 8 3 8 10 8 9 6 13 11
6 4 7 5 1 6 3 5 6 7 2 5 5 3 1 3 6 5 4 6 4 6 5 6 3 4 4 5 6 5 5 6
