64
2
32
4
5

0 32
0 32
0 32
0 32
0 32
0 32
0 32
0 32
0 32
0 32
0 32
0 32
0 32
0 32
0 32
0 32
0 32
0 32
0 32
0 32
0 32
0 32
0 32
0 32
0 32
0 32
0 32
0 32
0 32
0 32
0 32
0 32
0 32
0 32
0 32
0 32
0 32
0 32
0 32
0 32
0 32
0 32
0 32
0 32
0 32
0 32
0 32
0 32
0 32
0 32
0 32
0 32
0 32
0 32
0 32
0 32
0 32
0 32
0 32
0 32
0 32
0 32
0 32
0 32

0 32
0 32
0 32
0 32
0 32
0 32
0 32
0 32
0 32
0 32
0 32
0 32
0 32
0 32
0 32
0 32
0 32
0 32
0 32
0 32
0 32
0 32
0 32
0 32
0 32
0 32
0 32
0 32
0 32
0 32
0 32
0 32
0 32
0 32
0 32
0 32
0 32
0 32
0 32
0 32
0 32
0 32
0 32
0 32
0 32
0 32
0 32
0 32
0 32
0 32
0 32
0 32
0 32
0 32
0 32
0 32
0 32
0 32
0 32
0 32
0 32
0 32
0 32
0 32

16 32
16 32
16 32
16 32
16 32
16 32
16 32
16 32
16 32
16 32
16 32
16 32
16 32
16 32
16 32
16 32
16 32
16 32
16 32
16 32
16 32
16 32
16 32
16 32
16 32
16 32
16 32
16 32
16 32
16 32
16 32
16 32
16 32
16 32
16 32
16 32
16 32
16 32
16 32
16 32
16 32
16 32
16 32
16 32
16 32
16 32
16 32
16 32
16 32
16 32
16 32
16 32
16 32
16 32
16 32
16 32
16 32
16 32
16 32
16 32
16 32
16 32
16 32
16 32

5 0
0 5
5 0
4 5
5 1
0 5
5 0
4 5
5 0
0 5
5 0
0 5
5 0
4 5
5 2
0 5
5 1
0 5
5 2
0 5
5 0
2 5
5 5
2 5
5 4
0 5
5 5
0 5
5 0
0 5
5 5
0 5
5 4
0 5
5 4
0 5
5 0
4 5
5 3
0 5
5 0
3 5
5 5
0 5
5 3
0 5
5 5
0 5
5 0
2 5
5 0
0 5
5 2
1 5
5 0
4 5
5 0
0 5
5 5
4 5
5 3
3 5
5 2
0 5

27 26 23 22 28 24 22 23 27 26 21 28 27 22 21 22 29 29 28 21 25 25 26 17 21 19 27 22 23 26 27 31
32 37 35 34 26 24 34 32 27 29 26 22 27 27 31 33 31 27 28 27 28 29 28 29 25 28 24 30 34 34 34 33
