64
2
32
4
5

0 32
0 32
0 32
0 32
0 32
0 32
0 32
0 32
0 32
0 32
0 32
0 32
0 32
0 32
0 32
0 32
0 32
0 32
0 32
0 32
0 32
0 32
0 32
0 32
0 32
0 32
0 32
0 32
0 32
0 32
0 32
0 32
0 32
0 32
0 32
0 32
0 32
0 32
0 32
0 32
0 32
0 32
0 32
0 32
0 32
0 32
0 32
0 32
0 32
0 32
0 32
0 32
0 32
0 32
0 32
0 32
0 32
0 32
0 32
0 32
0 32
0 32
0 32
0 32

0 32
0 32
0 32
0 32
0 32
0 32
0 32
0 32
0 32
0 32
0 32
0 32
0 32
0 32
0 32
0 32
0 32
0 32
0 32
0 32
0 32
0 32
0 32
0 32
0 32
0 32
0 32
0 32
0 32
0 32
0 32
0 32
0 32
0 32
0 32
0 32
0 32
0 32
0 32
0 32
0 32
0 32
0 32
0 32
0 32
0 32
0 32
0 32
0 32
0 32
0 32
0 32
0 32
0 32
0 32
0 32
0 32
0 32
0 32
0 32
0 32
0 32
0 32
0 32

16 32
16 32
16 32
16 32
16 32
16 32
16 32
16 32
16 32
16 32
16 32
16 32
16 32
16 32
16 32
16 32
16 32
16 32
16 32
16 32
16 32
16 32
16 32
16 32
16 32
16 32
16 32
16 32
16 32
16 32
16 32
16 32
16 32
16 32
16 32
16 32
16 32
16 32
16 32
16 32
16 32
16 32
16 32
16 32
16 32
16 32
16 32
16 32
16 32
16 32
16 32
16 32
16 32
16 32
16 32
16 32
16 32
16 32
16 32
16 32
16 32
16 32
16 32
16 32

5 1
0 5
5 0
4 5
5 4
4 5
5 3
3 5
5 2
5 5
5 2
5 5
5 0
0 5
5 0
0 5
5 3
2 5
5 2
5 5
5 0
4 5
5 5
0 5
5 0
0 5
5 5
0 5
5 0
2 5
5 0
3 5
5 3
0 5
5 0
3 5
5 3
0 5
5 2
3 5
5 0
5 5
5 5
0 5
5 5
3 5
5 0
0 5
5 0
5 5
5 0
5 5
5 2
5 5
5 0
0 5
5 1
4 5
5 1
4 5
5 1
3 5
5 4
1 5

32 32 29 29 25 26 31 23 33 22 35 24 23 19 24 24 25 23 27 25 24 25 24 24 28 26 28 24 29 28 32 29
29 25 29 28 24 30 25 29 27 32 23 23 29 29 25 30 22 30 25 27 26 26 28 27 23 32 26 32 33 34 30 35
