128
16
32
4
5

0 32
0 32
0 32
0 32
0 32
0 32
0 32
0 32
0 32
0 32
0 32
0 32
0 32
0 32
0 32
0 32
0 32
0 32
0 32
0 32
0 32
0 32
0 32
0 32
0 32
0 32
0 32
0 32
0 32
0 32
0 32
0 32
0 32
0 32
0 32
0 32
0 32
0 32
0 32
0 32
0 32
0 32
0 32
0 32
0 32
0 32
0 32
0 32
0 32
0 32
0 32
0 32
0 32
0 32
0 32
0 32
0 32
0 32
0 32
0 32
0 32
0 32
0 32
0 32
0 32
0 32
0 32
0 32
0 32
0 32
0 32
0 32
0 32
0 32
0 32
0 32
0 32
0 32
0 32
0 32
0 32
0 32
0 32
0 32
0 32
0 32
0 32
0 32
0 32
0 32
0 32
0 32
0 32
0 32
0 32
0 32
0 32
0 32
0 32
0 32
0 32
0 32
0 32
0 32
0 32
0 32
0 32
0 32
0 32
0 32
0 32
0 32
0 32
0 32
0 32
0 32
0 32
0 32
0 32
0 32
0 32
0 32
0 32
0 32
0 32
0 32
0 32
0 32

0 32
0 32
0 32
0 32
0 32
0 32
0 32
0 32
0 32
0 32
0 32
0 32
0 32
0 32
0 32
0 32
0 32
0 32
0 32
0 32
0 32
0 32
0 32
0 32
0 32
0 32
0 32
0 32
0 32
0 32
0 32
0 32
0 32
0 32
0 32
0 32
0 32
0 32
0 32
0 32
0 32
0 32
0 32
0 32
0 32
0 32
0 32
0 32
0 32
0 32
0 32
0 32
0 32
0 32
0 32
0 32
0 32
0 32
0 32
0 32
0 32
0 32
0 32
0 32
0 32
0 32
0 32
0 32
0 32
0 32
0 32
0 32
0 32
0 32
0 32
0 32
0 32
0 32
0 32
0 32
0 32
0 32
0 32
0 32
0 32
0 32
0 32
0 32
0 32
0 32
0 32
0 32
0 32
0 32
0 32
0 32
0 32
0 32
0 32
0 32
0 32
0 32
0 32
0 32
0 32
0 32
0 32
0 32
0 32
0 32
0 32
0 32
0 32
0 32
0 32
0 32
0 32
0 32
0 32
0 32
0 32
0 32
0 32
0 32
0 32
0 32
0 32
0 32

16 32
16 32
16 32
16 32
16 32
16 32
16 32
16 32
16 32
16 32
16 32
16 32
16 32
16 32
16 32
16 32
16 32
16 32
16 32
16 32
16 32
16 32
16 32
16 32
16 32
16 32
16 32
16 32
16 32
16 32
16 32
16 32
16 32
16 32
16 32
16 32
16 32
16 32
16 32
16 32
16 32
16 32
16 32
16 32
16 32
16 32
16 32
16 32
16 32
16 32
16 32
16 32
16 32
16 32
16 32
16 32
16 32
16 32
16 32
16 32
16 32
16 32
16 32
16 32
16 32
16 32
16 32
16 32
16 32
16 32
16 32
16 32
16 32
16 32
16 32
16 32
16 32
16 32
16 32
16 32
16 32
16 32
16 32
16 32
16 32
16 32
16 32
16 32
16 32
16 32
16 32
16 32
16 32
16 32
16 32
16 32
16 32
16 32
16 32
16 32
16 32
16 32
16 32
16 32
16 32
16 32
16 32
16 32
16 32
16 32
16 32
16 32
16 32
16 32
16 32
16 32
16 32
16 32
16 32
16 32
16 32
16 32
16 32
16 32
16 32
16 32
16 32
16 32

5 0 0 0 0 0 4 0 0 0 0 0 0 3 0 0
0 5 0 0 0 0 4 0 0 5 0 0 4 1 0 0
3 0 5 0 2 0 0 0 0 0 5 2 4 0 0 0
0 0 0 5 0 1 0 0 0 0 5 0 3 0 0 4
0 0 0 2 5 0 0 5 0 0 0 3 0 0 0 0
0 0 0 0 0 5 0 0 0 0 0 0 0 0 0 0
0 0 0 0 0 0 5 0 0 0 0 0 0 0 0 0
0 0 0 0 0 0 0 5 0 0 0 0 0 0 0 0
0 0 0 0 0 0 0 0 5 0 0 0 0 0 0 0
0 0 0 0 0 0 0 0 0 5 0 0 0 0 0 0
0 0 0 0 0 0 5 0 0 0 5 4 0 0 0 2
0 0 0 0 0 0 0 0 0 0 0 5 0 0 0 0
0 0 0 5 0 0 0 0 0 0 0 4 5 0 0 0
0 0 0 0 5 0 0 0 0 0 0 0 0 5 5 0
0 0 0 0 0 0 0 0 0 0 0 0 0 0 5 0
1 3 0 0 0 0 0 0 0 0 3 0 4 0 0 5
5 0 0 0 0 3 0 3 0 5 0 0 0 3 0 0
0 5 3 0 0 0 0 0 0 0 0 4 0 0 0 0
0 0 5 0 0 1 0 4 0 0 0 0 0 0 0 0
0 0 0 5 0 0 0 0 0 0 0 0 0 0 0 0
0 0 0 0 5 0 0 0 0 0 0 0 0 0 0 0
0 0 0 0 0 5 0 0 0 0 4 0 0 0 0 3
0 0 0 0 0 0 5 2 0 0 0 2 0 0 0 0
0 0 0 1 0 2 0 5 0 0 5 0 0 0 0 0
0 0 1 2 0 0 0 0 5 0 0 0 0 0 0 0
0 0 2 0 0 3 0 0 0 5 5 0 0 4 0 0
0 0 0 0 0 0 4 2 0 4 5 0 0 0 0 0
5 0 0 0 0 0 4 0 0 4 1 5 0 0 0 0
0 2 4 0 1 0 0 0 0 0 4 0 5 0 0 0
0 0 0 0 0 0 0 0 0 0 0 0 0 5 0 3
5 0 0 0 3 4 0 0 4 0 0 0 0 0 5 2
4 0 5 0 2 0 0 0 0 0 0 0 0 0 4 5
5 0 0 0 0 0 0 5 0 0 0 4 0 0 0 3
0 5 0 0 0 0 0 0 0 0 0 0 0 0 0 0
0 0 5 0 0 0 0 0 0 0 0 0 0 0 0 0
0 0 0 5 0 0 2 0 0 0 0 0 5 0 3 0
0 0 0 0 5 0 0 0 0 0 1 1 0 0 0 0
0 1 2 0 0 5 0 0 0 0 4 0 0 0 4 1
0 0 0 0 0 0 5 0 0 0 5 0 0 4 0 0
0 0 0 1 0 5 0 5 0 0 1 0 1 0 0 0
0 0 0 0 3 0 0 0 5 0 0 0 1 5 0 0
0 0 0 0 0 0 0 0 0 5 0 0 0 0 0 0
0 0 0 0 0 0 0 0 0 0 5 0 0 0 0 0
0 0 0 0 0 0 0 0 0 0 0 5 0 0 0 0
0 0 1 3 0 0 0 0 3 2 0 0 5 0 0 0
0 0 0 0 1 4 0 0 0 0 2 0 0 5 0 0
0 0 0 0 0 0 0 0 0 0 0 0 0 0 5 0
0 0 0 0 1 4 0 0 0 0 0 0 0 0 0 5
5 0 0 0 0 0 0 0 0 0 0 0 0 0 0 0
0 5 0 0 0 0 0 0 0 0 0 0 0 0 0 0
0 0 5 0 0 0 0 0 0 2 5 0 0 4 0 0
0 0 0 5 0 0 1 0 1 0 2 0 0 0 0 3
0 0 0 0 5 0 0 0 2 0 5 0 0 4 0 0
0 0 0 0 0 5 3 0 0 0 0 4 0 0 1 0
0 0 2 4 1 3 5 0 0 0 0 0 0 0 0 0
0 5 0 0 0 0 0 5 0 0 2 0 0 0 0 0
0 0 0 0 0 0 1 0 5 0 0 0 0 4 4 0
0 0 0 0 0 0 0 0 0 5 0 0 0 0 0 0
0 0 0 1 0 0 0 0 0 0 5 0 2 0 0 0
0 0 0 0 0 0 0 0 0 0 0 5 0 0 0 0
0 0 0 0 0 0 0 0 0 0 0 0 5 0 0 0
0 0 0 0 0 0 0 0 0 0 0 0 0 5 0 0
0 0 0 0 0 0 0 0 0 0 0 0 0 0 5 0
0 0 0 0 0 0 5 0 5 0 0 0 0 0 0 5
5 5 5 0 3 0 0 1 0 0 0 0 0 0 0 1
1 5 0 0 0 0 0 0 0 0 0 0 0 0 5 0
0 0 5 0 0 0 4 0 0 0 0 1 0 0 3 2
0 3 0 5 0 0 0 0 0 0 0 0 0 0 5 0
0 0 0 0 5 0 0 0 5 0 0 0 0 0 0 5
0 0 0 0 0 5 0 0 0 0 0 0 1 0 1 0
0 0 1 2 0 0 5 0 3 0 0 0 2 0 0 0
0 0 0 0 5 0 0 5 0 0 0 0 3 0 0 0
0 0 0 4 0 3 0 0 5 0 0 0 0 0 5 0
0 0 0 0 0 5 5 0 0 5 0 0 0 2 0 0
0 0 0 4 0 0 0 0 5 1 5 0 3 0 0 0
2 5 0 0 0 0 0 0 0 0 0 5 0 0 0 0
0 0 0 0 0 0 0 0 0 0 0 0 5 0 0 0
0 0 0 0 2 0 2 0 0 0 0 0 5 5 0 0
0 0 0 0 0 0 0 0 0 3 1 0 4 0 5 0
0 0 4 0 0 3 0 0 0 0 2 0 0 0 0 5
5 5 0 0 0 0 0 0 0 0 0 0 4 0 0 0
0 5 0 0 0 0 0 0 0 0 0 4 0 5 0 0
0 0 5 0 0 0 0 0 0 0 0 0 0 0 0 0
0 0 0 5 0 0 0 0 3 0 0 4 2 0 2 0
0 0 0 0 5 0 0 0 0 0 0 0 0 0 0 0
0 0 0 0 0 5 0 0 0 0 4 1 0 0 0 0
0 0 0 0 0 0 5 0 0 0 0 0 0 1 5 0
5 0 2 2 0 0 0 5 0 0 0 0 0 0 0 0
0 0 0 0 0 0 0 0 5 0 0 0 0 0 0 0
0 0 0 0 5 0 0 0 0 5 0 0 0 5 0 0
0 0 5 0 0 0 0 5 0 0 5 0 2 0 0 0
2 2 0 0 0 0 0 0 0 0 0 5 0 0 0 3
0 0 0 0 0 0 0 0 0 0 0 0 5 0 0 0
0 0 0 0 0 0 4 5 0 0 1 0 1 5 0 0
0 0 0 0 0 0 0 0 0 0 0 0 0 0 5 0
0 0 0 0 0 0 0 0 0 0 0 0 0 0 0 5
5 0 0 0 0 0 0 0 1 3 0 0 0 0 0 0
0 5 0 0 0 0 0 0 0 0 0 0 0 0 0 0
0 0 5 3 4 0 0 0 0 0 0 0 0 0 0 0
0 0 0 5 0 0 0 0 0 0 0 0 0 0 0 0
0 0 0 0 5 0 3 0 0 0 0 0 0 0 0 2
3 0 0 2 0 5 0 1 0 0 0 0 0 0 1 0
0 0 0 0 0 0 5 0 0 0 0 0 0 0 0 0
3 0 0 3 0 3 0 5 0 0 0 0 0 0 0 3
0 0 0 0 0 0 2 0 5 0 0 1 0 0 0 0
0 0 0 0 0 0 1 0 0 5 0 0 0 0 0 5
0 2 0 0 0 0 5 0 0 0 5 0 0 0 0 0
0 0 0 0 0 0 0 4 0 3 0 5 0 0 3 0
0 0 0 0 0 0 0 0 0 0 0 0 5 0 0 0
0 0 0 0 0 0 0 0 0 4 0 0 0 5 4 0
0 0 0 0 0 0 0 0 0 0 0 0 0 0 5 0
1 0 0 0 0 0 2 4 0 0 0 0 0 0 0 5
5 0 0 0 0 0 0 0 0 0 0 0 0 0 0 0
0 5 0 0 0 0 2 0 0 2 0 0 0 0 4 0
0 0 5 0 0 0 0 0 0 0 0 0 0 0 0 0
0 2 0 5 0 0 0 0 0 0 0 0 0 0 0 0
0 0 0 0 5 0 0 0 0 0 0 0 0 0 0 0
0 0 0 0 0 5 0 0 0 0 0 0 0 0 0 0
0 0 0 0 0 0 5 0 0 0 0 0 0 0 0 0
0 0 0 0 3 0 0 5 1 0 0 0 0 0 0 4
0 0 0 0 0 0 0 0 5 0 4 4 0 0 3 0
0 1 0 0 0 3 4 0 0 5 0 0 0 1 0 0
0 5 0 3 0 0 0 3 0 0 5 0 0 0 0 0
0 0 0 5 0 0 0 0 0 0 0 5 0 5 0 0
0 5 0 4 0 0 2 0 0 0 1 0 5 0 0 0
0 0 0 0 0 0 0 0 0 0 0 0 0 5 0 0
0 3 1 0 0 0 0 2 0 1 0 0 0 0 5 0
0 0 0 0 0 0 3 0 3 0 0 0 0 0 0 5

9 3 6 5 3 6 6 7 3 7 7 3 5 3 5 8 5 7 6 6 3 6 6 0 6 3 7 5 7 7 7 10
4 7 6 7 10 7 9 7 4 7 7 9 6 7 12 3 4 8 3 7 9 6 3 8 7 8 9 5 7 8 7 11
10 9 6 4 7 7 8 5 8 4 5 7 7 6 8 7 8 5 5 9 5 5 5 2 5 4 6 4 9 5 5 6
7 6 9 10 4 5 6 6 2 6 6 7 4 9 4 10 10 7 10 6 8 10 7 7 9 8 7 6 8 8 9 9
8 5 7 7 6 8 6 6 5 6 7 7 7 10 9 6 7 5 9 4 7 9 5 6 6 6 4 3 5 5 6 6
6 7 5 7 9 4 4 5 2 5 3 3 5 6 8 8 3 4 5 5 5 2 4 5 6 7 7 7 6 6 7 7
9 11 9 11 7 9 8 9 10 8 7 10 5 7 8 9 8 10 11 8 9 5 8 13 10 9 9 7 9 9 11 10
6 3 4 6 7 7 5 8 6 7 6 4 3 2 3 5 3 7 5 7 3 8 4 6 2 0 4 6 1 4 6 3
4 7 6 3 4 5 5 6 8 5 5 5 6 5 7 6 6 4 6 4 4 3 3 4 5 7 5 7 5 11 6 8
7 4 4 4 6 5 6 3 3 5 6 4 8 6 4 10 6 5 4 5 4 8 6 3 6 9 7 8 5 8 9 8
6 8 14 3 10 6 4 8 7 6 7 5 8 11 8 4 5 8 5 4 6 2 6 6 7 9 10 4 4 7 6 5
7 9 6 3 4 6 7 9 10 6 4 7 7 8 5 11 8 6 4 5 9 5 7 5 6 6 5 7 6 6 2 7
9 9 8 7 5 9 11 10 7 7 5 6 9 10 7 7 6 7 7 8 5 4 6 7 9 6 4 12 11 6 10 9
5 8 9 9 6 6 5 7 5 4 10 10 7 8 10 6 9 8 8 7 6 7 11 9 8 8 10 7 5 6 3 6
11 8 5 8 7 8 8 8 10 7 10 9 9 7 6 5 10 7 9 9 6 13 9 7 10 8 8 7 10 5 10 7
6 3 4 7 6 5 7 4 8 6 3 4 6 5 4 5 7 7 7 3 5 4 5 8 3 6 3 5 3 3 8 8
