64
2
32
4
5

0 32
0 32
0 32
0 32
0 32
0 32
0 32
0 32
0 32
0 32
0 32
0 32
0 32
0 32
0 32
0 32
0 32
0 32
0 32
0 32
0 32
0 32
0 32
0 32
0 32
0 32
0 32
0 32
0 32
0 32
0 32
0 32
0 32
0 32
0 32
0 32
0 32
0 32
0 32
0 32
0 32
0 32
0 32
0 32
0 32
0 32
0 32
0 32
0 32
0 32
0 32
0 32
0 32
0 32
0 32
0 32
0 32
0 32
0 32
0 32
0 32
0 32
0 32
0 32

0 32
0 32
0 32
0 32
0 32
0 32
0 32
0 32
0 32
0 32
0 32
0 32
0 32
0 32
0 32
0 32
0 32
0 32
0 32
0 32
0 32
0 32
0 32
0 32
0 32
0 32
0 32
0 32
0 32
0 32
0 32
0 32
0 32
0 32
0 32
0 32
0 32
0 32
0 32
0 32
0 32
0 32
0 32
0 32
0 32
0 32
0 32
0 32
0 32
0 32
0 32
0 32
0 32
0 32
0 32
0 32
0 32
0 32
0 32
0 32
0 32
0 32
0 32
0 32

16 32
16 32
16 32
16 32
16 32
16 32
16 32
16 32
16 32
16 32
16 32
16 32
16 32
16 32
16 32
16 32
16 32
16 32
16 32
16 32
16 32
16 32
16 32
16 32
16 32
16 32
16 32
16 32
16 32
16 32
16 32
16 32
16 32
16 32
16 32
16 32
16 32
16 32
16 32
16 32
16 32
16 32
16 32
16 32
16 32
16 32
16 32
16 32
16 32
16 32
16 32
16 32
16 32
16 32
16 32
16 32
16 32
16 32
16 32
16 32
16 32
16 32
16 32
16 32

5 0
5 5
5 4
3 5
5 0
0 5
5 0
4 5
5 5
0 5
5 1
4 5
5 4
2 5
5 0
0 5
5 5
3 5
5 2
1 5
5 4
2 5
5 0
3 5
5 0
0 5
5 0
0 5
5 0
5 5
5 3
0 5
5 3
0 5
5 0
3 5
5 2
5 5
5 2
4 5
5 0
0 5
5 0
0 5
5 3
0 5
5 0
0 5
5 3
5 5
5 0
1 5
5 0
4 5
5 3
0 5
5 1
3 5
5 1
4 5
5 0
5 5
5 0
1 5

32 29 27 30 31 33 27 26 27 27 29 22 30 29 36 33 30 27 26 22 26 33 29 32 21 26 18 21 26 27 27 32
27 25 29 23 29 24 28 29 23 20 25 27 21 18 16 18 20 19 27 27 27 25 31 26 30 20 27 25 21 26 27 32
