128
16
32
4
5

0 32
0 32
0 32
0 32
0 32
0 32
0 32
0 32
0 32
0 32
0 32
0 32
0 32
0 32
0 32
0 32
0 32
0 32
0 32
0 32
0 32
0 32
0 32
0 32
0 32
0 32
0 32
0 32
0 32
0 32
0 32
0 32
0 32
0 32
0 32
0 32
0 32
0 32
0 32
0 32
0 32
0 32
0 32
0 32
0 32
0 32
0 32
0 32
0 32
0 32
0 32
0 32
0 32
0 32
0 32
0 32
0 32
0 32
0 32
0 32
0 32
0 32
0 32
0 32
0 32
0 32
0 32
0 32
0 32
0 32
0 32
0 32
0 32
0 32
0 32
0 32
0 32
0 32
0 32
0 32
0 32
0 32
0 32
0 32
0 32
0 32
0 32
0 32
0 32
0 32
0 32
0 32
0 32
0 32
0 32
0 32
0 32
0 32
0 32
0 32
0 32
0 32
0 32
0 32
0 32
0 32
0 32
0 32
0 32
0 32
0 32
0 32
0 32
0 32
0 32
0 32
0 32
0 32
0 32
0 32
0 32
0 32
0 32
0 32
0 32
0 32
0 32
0 32

0 32
0 32
0 32
0 32
0 32
0 32
0 32
0 32
0 32
0 32
0 32
0 32
0 32
0 32
0 32
0 32
0 32
0 32
0 32
0 32
0 32
0 32
0 32
0 32
0 32
0 32
0 32
0 32
0 32
0 32
0 32
0 32
0 32
0 32
0 32
0 32
0 32
0 32
0 32
0 32
0 32
0 32
0 32
0 32
0 32
0 32
0 32
0 32
0 32
0 32
0 32
0 32
0 32
0 32
0 32
0 32
0 32
0 32
0 32
0 32
0 32
0 32
0 32
0 32
0 32
0 32
0 32
0 32
0 32
0 32
0 32
0 32
0 32
0 32
0 32
0 32
0 32
0 32
0 32
0 32
0 32
0 32
0 32
0 32
0 32
0 32
0 32
0 32
0 32
0 32
0 32
0 32
0 32
0 32
0 32
0 32
0 32
0 32
0 32
0 32
0 32
0 32
0 32
0 32
0 32
0 32
0 32
0 32
0 32
0 32
0 32
0 32
0 32
0 32
0 32
0 32
0 32
0 32
0 32
0 32
0 32
0 32
0 32
0 32
0 32
0 32
0 32
0 32

16 32
16 32
16 32
16 32
16 32
16 32
16 32
16 32
16 32
16 32
16 32
16 32
16 32
16 32
16 32
16 32
16 32
16 32
16 32
16 32
16 32
16 32
16 32
16 32
16 32
16 32
16 32
16 32
16 32
16 32
16 32
16 32
16 32
16 32
16 32
16 32
16 32
16 32
16 32
16 32
16 32
16 32
16 32
16 32
16 32
16 32
16 32
16 32
16 32
16 32
16 32
16 32
16 32
16 32
16 32
16 32
16 32
16 32
16 32
16 32
16 32
16 32
16 32
16 32
16 32
16 32
16 32
16 32
16 32
16 32
16 32
16 32
16 32
16 32
16 32
16 32
16 32
16 32
16 32
16 32
16 32
16 32
16 32
16 32
16 32
16 32
16 32
16 32
16 32
16 32
16 32
16 32
16 32
16 32
16 32
16 32
16 32
16 32
16 32
16 32
16 32
16 32
16 32
16 32
16 32
16 32
16 32
16 32
16 32
16 32
16 32
16 32
16 32
16 32
16 32
16 32
16 32
16 32
16 32
16 32
16 32
16 32
16 32
16 32
16 32
16 32
16 32
16 32

5 0 0 0 0 0 0 0 0 0 0 0 0 0 0 0
0 5 0 1 0 0 0 0 0 0 5 0 0 0 0 0
0 1 5 1 0 0 0 0 0 0 0 5 0 0 0 0
0 0 0 5 0 0 0 0 0 0 0 0 0 0 0 0
0 2 0 0 5 0 4 0 0 0 0 0 0 0 0 0
0 0 0 3 0 5 0 0 5 0 0 0 4 2 0 0
0 0 0 0 0 0 5 0 0 0 0 0 0 0 0 0
0 0 0 0 0 1 0 5 0 1 0 0 0 0 0 0
0 0 0 0 0 0 0 4 5 0 4 5 0 0 0 0
0 0 0 0 0 0 0 0 5 5 0 0 0 0 2 1
0 5 0 0 0 0 0 0 0 0 5 0 0 4 0 0
0 0 0 0 0 0 0 0 0 0 0 5 0 0 0 0
0 0 0 0 0 0 0 0 0 0 0 0 5 0 0 0
0 0 0 0 0 5 0 4 4 0 5 0 0 5 0 0
1 0 0 0 0 1 5 0 0 0 0 0 0 0 5 0
0 0 3 0 0 0 0 0 4 0 0 0 0 0 0 5
5 0 0 0 0 0 0 0 0 0 0 0 0 0 0 0
0 5 0 2 0 0 0 0 0 0 1 0 0 5 0 1
0 0 5 0 0 0 2 0 0 3 0 0 0 0 0 0
0 0 0 5 0 0 0 0 0 0 0 0 0 0 0 0
0 0 0 0 5 0 0 0 0 0 0 3 2 0 5 0
4 0 0 0 0 5 0 0 0 0 0 0 3 0 0 0
0 0 0 0 0 0 5 0 0 0 0 0 0 0 0 0
0 0 0 0 0 0 0 5 0 0 0 0 0 0 0 0
0 0 0 5 0 3 1 0 5 0 0 0 0 0 5 0
0 0 0 5 0 0 0 0 0 5 3 0 0 0 0 0
0 3 0 0 0 0 0 0 0 1 5 0 0 0 0 0
0 2 0 2 0 1 0 0 0 0 4 5 0 0 0 0
0 0 0 0 5 1 0 3 0 0 0 0 5 0 0 0
3 0 5 0 0 0 0 0 0 0 0 0 0 5 0 0
0 0 0 0 0 5 0 0 0 0 5 0 0 0 5 0
0 0 0 0 0 0 0 0 0 0 0 0 0 0 0 5
5 4 1 0 0 4 0 0 0 0 0 0 0 0 0 0
0 5 0 0 0 0 0 0 0 0 2 0 0 0 0 0
0 0 5 0 0 0 0 0 0 0 0 0 0 0 0 0
0 0 0 5 0 0 0 0 0 0 0 0 0 0 0 0
0 0 0 4 5 0 0 0 0 4 1 0 0 0 1 0
3 4 0 0 0 5 4 0 0 0 3 0 0 0 0 0
0 0 0 0 0 2 5 0 5 0 1 0 0 0 0 0
0 3 0 0 1 0 2 5 0 0 0 0 0 0 0 0
0 0 0 0 0 0 0 0 5 0 0 0 0 0 0 0
0 0 0 0 0 0 1 0 0 5 0 0 0 3 1 0
0 0 0 5 0 0 0 1 0 0 5 1 0 0 0 0
0 0 0 0 0 0 0 0 0 0 0 5 0 0 0 0
4 0 5 0 0 0 0 2 0 0 0 0 5 0 0 3
2 0 0 0 1 0 0 0 0 0 3 0 0 5 0 0
0 0 0 0 0 0 0 0 0 0 0 0 5 0 5 1
0 0 0 0 0 0 0 0 0 0 0 0 0 0 0 5
5 0 0 0 0 0 0 0 0 0 0 0 4 0 4 0
2 5 0 5 0 0 0 0 0 0 0 4 0 0 1 0
0 0 5 0 0 0 0 0 0 0 0 1 2 0 4 0
0 0 2 5 0 0 0 0 0 0 0 0 3 0 0 0
0 0 3 0 5 0 0 2 0 0 5 0 5 0 0 2
0 0 2 0 0 5 0 0 0 0 0 2 0 0 0 0
0 0 0 0 0 0 5 0 0 0 0 0 0 0 0 0
0 0 0 0 0 0 0 5 0 4 0 2 0 0 0 3
0 0 0 0 0 0 0 0 5 0 0 0 0 0 0 0
0 0 0 5 0 0 0 0 0 5 0 5 5 0 0 5
0 0 0 0 0 0 0 0 0 0 5 0 0 0 0 0
0 0 0 3 0 1 0 0 3 0 0 5 0 0 0 0
0 0 0 0 0 0 0 0 0 0 0 0 5 0 0 0
0 0 0 0 0 0 2 0 0 0 3 0 5 5 0 5
3 0 0 0 0 0 2 3 0 0 0 0 0 4 5 1
0 0 3 0 0 1 0 0 0 0 0 0 4 0 0 5
5 0 0 2 0 0 0 0 0 0 4 0 0 0 0 0
0 5 0 0 0 0 0 0 0 0 0 0 0 0 0 0
5 0 5 0 0 0 0 0 4 0 0 0 0 0 0 0
0 0 0 5 0 0 0 0 0 0 0 0 0 0 0 0
0 0 0 0 5 0 0 0 0 0 0 2 0 0 0 0
0 0 3 0 2 5 0 0 0 0 0 0 0 3 0 0
0 0 0 0 2 4 5 0 0 0 0 2 0 0 0 1
0 0 0 0 0 0 1 5 0 0 0 2 0 5 0 0
0 0 0 0 0 0 0 0 5 0 0 0 0 0 0 0
0 0 0 0 0 0 0 0 0 5 0 0 0 0 0 0
0 0 4 0 0 3 0 0 0 0 5 0 0 5 0 5
0 0 0 1 0 0 0 0 0 0 0 5 0 2 0 0
0 5 0 5 0 0 0 0 0 0 0 0 5 0 0 0
0 0 0 0 0 0 0 1 0 4 0 0 0 5 3 2
0 0 0 0 0 0 0 0 0 0 0 0 0 0 5 0
0 0 0 3 0 0 0 5 0 0 0 0 4 3 0 5
5 2 0 0 4 0 0 0 0 0 0 0 0 5 0 0
0 5 0 0 0 3 0 0 0 0 4 0 0 0 0 0
0 0 5 2 0 0 2 5 3 0 5 0 0 0 0 0
0 0 0 5 0 0 0 0 0 0 0 0 0 0 0 0
0 2 0 0 5 0 0 0 2 0 0 0 0 0 0 0
2 5 0 0 0 5 0 0 0 1 0 0 0 0 0 0
0 0 0 0 0 0 5 0 0 0 0 0 0 0 0 0
0 0 1 0 0 4 3 5 0 0 0 0 0 0 0 0
0 0 0 0 0 0 0 0 5 0 3 0 0 3 0 0
0 0 0 0 0 0 0 0 0 5 0 0 3 0 0 0
0 3 0 0 5 0 0 5 0 1 5 0 0 0 4 0
0 0 0 0 0 0 0 0 0 0 0 5 0 0 0 0
0 0 0 0 0 0 0 0 0 0 0 0 5 0 0 0
0 0 0 0 0 5 0 0 0 5 0 0 0 5 0 5
0 0 0 0 0 1 0 0 0 4 0 0 0 0 5 1
5 0 3 0 5 0 0 0 0 0 0 0 0 0 0 5
5 0 0 0 0 0 0 0 0 0 0 0 0 0 0 0
0 5 0 2 0 0 0 0 0 0 0 0 0 0 0 2
1 0 5 0 5 0 0 0 0 0 0 0 0 0 0 0
0 4 0 5 0 0 0 5 0 0 0 5 0 0 5 0
0 0 0 0 5 0 0 0 0 0 0 0 0 0 0 0
3 0 5 0 0 5 0 0 4 0 0 0 0 0 0 0
0 0 1 0 3 0 5 0 0 0 0 1 0 0 0 0
0 0 3 0 0 3 0 5 5 4 0 0 0 0 0 0
4 2 0 5 0 0 0 4 5 0 0 0 0 0 0 0
0 0 0 0 0 0 0 0 0 5 2 0 1 0 0 0
0 0 0 0 0 0 0 0 0 0 5 0 0 0 0 0
0 0 0 0 0 0 0 0 0 0 0 5 0 0 0 0
0 0 0 0 0 0 0 0 0 0 0 0 5 0 0 0
0 0 0 0 0 4 0 0 0 2 3 0 0 5 0 0
0 0 0 0 0 0 0 0 0 0 0 0 0 0 5 0
0 5 1 4 0 4 0 0 0 0 0 0 0 0 0 5
5 4 4 0 3 0 0 0 0 0 0 5 0 0 0 0
0 5 0 0 0 0 0 0 0 0 5 3 0 0 0 0
0 5 5 0 5 0 0 0 0 0 5 2 0 0 0 0
2 0 0 5 4 0 0 0 4 0 1 0 0 1 0 0
0 1 0 0 5 0 0 0 0 5 0 0 0 4 0 1
0 0 0 0 0 5 0 0 0 0 0 0 0 0 0 0
0 0 0 0 0 5 5 0 0 0 5 0 0 0 0 0
0 0 0 0 0 0 0 5 0 0 0 0 0 0 0 0
0 0 5 0 0 0 0 1 5 0 0 0 0 0 3 0
0 0 0 0 1 0 0 0 4 5 0 0 0 0 0 0
0 0 0 0 0 0 0 0 0 0 5 0 0 0 0 0
0 0 0 0 0 0 0 2 0 0 0 5 0 0 0 1
5 0 0 0 0 0 0 0 0 0 3 0 5 1 0 3
5 0 5 0 0 0 0 0 0 0 0 4 0 5 0 0
3 0 0 0 0 0 3 0 0 4 4 0 0 0 5 0
0 0 0 0 4 0 0 0 0 0 0 0 0 1 0 5

9 5 10 9 9 8 11 7 6 10 8 9 4 8 7 8 7 4 3 6 8 6 5 6 11 7 9 12 11 6 7 10
8 7 5 9 8 12 6 6 6 7 7 2 5 5 3 2 10 5 5 9 8 5 6 7 8 8 11 5 6 6 10 7
9 5 7 7 6 6 5 4 5 8 6 3 5 8 8 8 7 7 11 3 3 8 9 5 4 10 5 8 3 6 6 5
14 10 7 11 15 8 9 12 14 8 12 11 11 13 13 10 10 11 6 7 6 5 8 11 8 8 6 7 11 7 11 10
5 9 6 5 5 7 5 6 3 5 6 6 10 7 6 9 7 5 7 7 7 4 4 6 4 3 2 11 7 7 5 9
4 13 8 7 7 4 7 4 7 8 9 6 4 6 2 7 9 5 13 7 5 5 5 7 7 7 10 6 11 9 9 3
7 8 8 8 6 7 6 5 7 7 7 7 8 7 6 5 4 7 6 8 8 9 7 4 8 6 3 5 6 8 6 9
5 5 4 7 4 8 8 6 7 5 6 5 7 3 5 4 0 5 8 4 8 6 7 4 8 5 7 3 5 7 7 6
4 10 7 6 6 6 6 5 8 2 2 8 6 8 6 5 6 6 5 8 5 5 3 7 7 7 6 6 5 8 8 9
7 2 9 5 6 7 7 8 5 6 4 5 3 3 6 10 4 6 1 7 4 8 4 3 4 8 4 3 6 6 5 7
11 10 11 9 10 5 8 10 8 11 8 8 9 7 5 13 9 5 11 8 10 11 13 13 13 10 9 9 9 11 8 10
10 8 7 5 8 12 8 9 7 10 10 9 5 8 6 5 9 11 5 11 7 10 7 6 6 9 11 13 9 8 12 14
7 8 5 8 6 6 8 8 11 5 9 7 6 5 9 8 6 6 7 7 9 10 9 10 7 10 9 6 12 9 12 7
4 6 5 5 7 7 4 6 5 7 6 3 8 2 8 2 4 8 4 2 4 5 6 4 2 1 5 7 7 8 3 4
9 7 7 6 8 5 7 4 6 6 6 7 4 4 3 4 6 5 6 3 6 4 4 5 5 5 5 6 7 4 7 9
7 7 10 8 4 7 6 12 8 6 6 8 10 11 4 5 5 4 12 9 5 8 6 6 4 1 4 4 2 11 11 8
