64
2
32
4
5

0 32
0 32
0 32
0 32
0 32
0 32
0 32
0 32
0 32
0 32
0 32
0 32
0 32
0 32
0 32
0 32
0 32
0 32
0 32
0 32
0 32
0 32
0 32
0 32
0 32
0 32
0 32
0 32
0 32
0 32
0 32
0 32
0 32
0 32
0 32
0 32
0 32
0 32
0 32
0 32
0 32
0 32
0 32
0 32
0 32
0 32
0 32
0 32
0 32
0 32
0 32
0 32
0 32
0 32
0 32
0 32
0 32
0 32
0 32
0 32
0 32
0 32
0 32
0 32

0 32
0 32
0 32
0 32
0 32
0 32
0 32
0 32
0 32
0 32
0 32
0 32
0 32
0 32
0 32
0 32
0 32
0 32
0 32
0 32
0 32
0 32
0 32
0 32
0 32
0 32
0 32
0 32
0 32
0 32
0 32
0 32
0 32
0 32
0 32
0 32
0 32
0 32
0 32
0 32
0 32
0 32
0 32
0 32
0 32
0 32
0 32
0 32
0 32
0 32
0 32
0 32
0 32
0 32
0 32
0 32
0 32
0 32
0 32
0 32
0 32
0 32
0 32
0 32

16 32
16 32
16 32
16 32
16 32
16 32
16 32
16 32
16 32
16 32
16 32
16 32
16 32
16 32
16 32
16 32
16 32
16 32
16 32
16 32
16 32
16 32
16 32
16 32
16 32
16 32
16 32
16 32
16 32
16 32
16 32
16 32
16 32
16 32
16 32
16 32
16 32
16 32
16 32
16 32
16 32
16 32
16 32
16 32
16 32
16 32
16 32
16 32
16 32
16 32
16 32
16 32
16 32
16 32
16 32
16 32
16 32
16 32
16 32
16 32
16 32
16 32
16 32
16 32

5 4
4 5
5 0
3 5
5 1
2 5
5 1
2 5
5 0
0 5
5 1
0 5
5 0
3 5
5 0
3 5
5 4
0 5
5 0
4 5
5 3
4 5
5 0
2 5
5 0
0 5
5 0
5 5
5 4
0 5
5 0
0 5
5 2
0 5
5 0
1 5
5 3
0 5
5 0
3 5
5 0
0 5
5 3
1 5
5 3
0 5
5 1
0 5
5 0
1 5
5 4
4 5
5 4
1 5
5 0
2 5
5 3
0 5
5 3
0 5
5 0
2 5
5 3
5 5

31 26 32 30 31 27 26 25 24 26 26 30 28 29 30 30 30 31 32 30 28 27 32 31 30 27 24 25 22 25 28 28
27 35 27 27 28 27 25 24 20 23 26 21 25 27 25 25 28 27 27 28 30 30 21 27 27 29 32 28 33 32 28 36
