64
2
32
4
5

0 32
0 32
0 32
0 32
0 32
0 32
0 32
0 32
0 32
0 32
0 32
0 32
0 32
0 32
0 32
0 32
0 32
0 32
0 32
0 32
0 32
0 32
0 32
0 32
0 32
0 32
0 32
0 32
0 32
0 32
0 32
0 32
0 32
0 32
0 32
0 32
0 32
0 32
0 32
0 32
0 32
0 32
0 32
0 32
0 32
0 32
0 32
0 32
0 32
0 32
0 32
0 32
0 32
0 32
0 32
0 32
0 32
0 32
0 32
0 32
0 32
0 32
0 32
0 32

0 32
0 32
0 32
0 32
0 32
0 32
0 32
0 32
0 32
0 32
0 32
0 32
0 32
0 32
0 32
0 32
0 32
0 32
0 32
0 32
0 32
0 32
0 32
0 32
0 32
0 32
0 32
0 32
0 32
0 32
0 32
0 32
0 32
0 32
0 32
0 32
0 32
0 32
0 32
0 32
0 32
0 32
0 32
0 32
0 32
0 32
0 32
0 32
0 32
0 32
0 32
0 32
0 32
0 32
0 32
0 32
0 32
0 32
0 32
0 32
0 32
0 32
0 32
0 32

16 32
16 32
16 32
16 32
16 32
16 32
16 32
16 32
16 32
16 32
16 32
16 32
16 32
16 32
16 32
16 32
16 32
16 32
16 32
16 32
16 32
16 32
16 32
16 32
16 32
16 32
16 32
16 32
16 32
16 32
16 32
16 32
16 32
16 32
16 32
16 32
16 32
16 32
16 32
16 32
16 32
16 32
16 32
16 32
16 32
16 32
16 32
16 32
16 32
16 32
16 32
16 32
16 32
16 32
16 32
16 32
16 32
16 32
16 32
16 32
16 32
16 32
16 32
16 32

5 0
5 5
5 0
4 5
5 4
0 5
5 1
1 5
5 1
0 5
5 0
0 5
5 0
2 5
5 0
5 5
5 0
0 5
5 5
4 5
5 1
1 5
5 4
0 5
5 2
3 5
5 1
2 5
5 1
2 5
5 1
0 5
5 0
1 5
5 0
3 5
5 1
0 5
5 4
0 5
5 5
3 5
5 5
3 5
5 2
0 5
5 0
0 5
5 0
0 5
5 1
0 5
5 3
0 5
5 4
0 5
5 0
1 5
5 3
2 5
5 1
0 5
5 3
0 5

25 22 22 23 23 22 19 23 20 23 25 27 27 28 20 25 22 25 19 18 25 27 24 20 27 24 25 25 31 25 29 33
35 27 26 23 25 27 28 28 32 31 26 27 28 25 32 28 25 26 33 32 25 23 27 28 24 28 27 33 26 32 32 27
