64
2
32
4
5

0 32
0 32
0 32
0 32
0 32
0 32
0 32
0 32
0 32
0 32
0 32
0 32
0 32
0 32
0 32
0 32
0 32
0 32
0 32
0 32
0 32
0 32
0 32
0 32
0 32
0 32
0 32
0 32
0 32
0 32
0 32
0 32
0 32
0 32
0 32
0 32
0 32
0 32
0 32
0 32
0 32
0 32
0 32
0 32
0 32
0 32
0 32
0 32
0 32
0 32
0 32
0 32
0 32
0 32
0 32
0 32
0 32
0 32
0 32
0 32
0 32
0 32
0 32
0 32

0 32
0 32
0 32
0 32
0 32
0 32
0 32
0 32
0 32
0 32
0 32
0 32
0 32
0 32
0 32
0 32
0 32
0 32
0 32
0 32
0 32
0 32
0 32
0 32
0 32
0 32
0 32
0 32
0 32
0 32
0 32
0 32
0 32
0 32
0 32
0 32
0 32
0 32
0 32
0 32
0 32
0 32
0 32
0 32
0 32
0 32
0 32
0 32
0 32
0 32
0 32
0 32
0 32
0 32
0 32
0 32
0 32
0 32
0 32
0 32
0 32
0 32
0 32
0 32

16 32
16 32
16 32
16 32
16 32
16 32
16 32
16 32
16 32
16 32
16 32
16 32
16 32
16 32
16 32
16 32
16 32
16 32
16 32
16 32
16 32
16 32
16 32
16 32
16 32
16 32
16 32
16 32
16 32
16 32
16 32
16 32
16 32
16 32
16 32
16 32
16 32
16 32
16 32
16 32
16 32
16 32
16 32
16 32
16 32
16 32
16 32
16 32
16 32
16 32
16 32
16 32
16 32
16 32
16 32
16 32
16 32
16 32
16 32
16 32
16 32
16 32
16 32
16 32

5 5
1 5
5 2
4 5
5 0
4 5
5 1
5 5
5 5
2 5
5 0
1 5
5 0
0 5
5 5
4 5
5 0
1 5
5 0
2 5
5 3
1 5
5 4
2 5
5 4
5 5
5 1
1 5
5 0
2 5
5 0
4 5
5 0
0 5
5 5
5 5
5 1
1 5
5 5
0 5
5 0
0 5
5 0
0 5
5 0
1 5
5 3
2 5
5 0
5 5
5 2
2 5
5 0
0 5
5 0
0 5
5 0
1 5
5 5
0 5
5 1
0 5
5 0
3 5

30 36 32 30 28 27 30 31 27 31 22 27 25 34 32 25 23 24 27 23 27 24 25 25 31 37 33 36 31 39 36 41
24 21 21 24 28 27 27 26 25 26 25 27 29 18 21 26 25 26 26 31 22 27 24 27 23 19 23 23 26 22 26 23
