64
2
32
4
5

0 32
0 32
0 32
0 32
0 32
0 32
0 32
0 32
0 32
0 32
0 32
0 32
0 32
0 32
0 32
0 32
0 32
0 32
0 32
0 32
0 32
0 32
0 32
0 32
0 32
0 32
0 32
0 32
0 32
0 32
0 32
0 32
0 32
0 32
0 32
0 32
0 32
0 32
0 32
0 32
0 32
0 32
0 32
0 32
0 32
0 32
0 32
0 32
0 32
0 32
0 32
0 32
0 32
0 32
0 32
0 32
0 32
0 32
0 32
0 32
0 32
0 32
0 32
0 32

0 32
0 32
0 32
0 32
0 32
0 32
0 32
0 32
0 32
0 32
0 32
0 32
0 32
0 32
0 32
0 32
0 32
0 32
0 32
0 32
0 32
0 32
0 32
0 32
0 32
0 32
0 32
0 32
0 32
0 32
0 32
0 32
0 32
0 32
0 32
0 32
0 32
0 32
0 32
0 32
0 32
0 32
0 32
0 32
0 32
0 32
0 32
0 32
0 32
0 32
0 32
0 32
0 32
0 32
0 32
0 32
0 32
0 32
0 32
0 32
0 32
0 32
0 32
0 32

16 32
16 32
16 32
16 32
16 32
16 32
16 32
16 32
16 32
16 32
16 32
16 32
16 32
16 32
16 32
16 32
16 32
16 32
16 32
16 32
16 32
16 32
16 32
16 32
16 32
16 32
16 32
16 32
16 32
16 32
16 32
16 32
16 32
16 32
16 32
16 32
16 32
16 32
16 32
16 32
16 32
16 32
16 32
16 32
16 32
16 32
16 32
16 32
16 32
16 32
16 32
16 32
16 32
16 32
16 32
16 32
16 32
16 32
16 32
16 32
16 32
16 32
16 32
16 32

5 0
0 5
5 2
4 5
5 5
2 5
5 0
0 5
5 3
0 5
5 0
0 5
5 2
0 5
5 2
0 5
5 4
0 5
5 4
1 5
5 3
5 5
5 0
0 5
5 5
0 5
5 3
5 5
5 5
5 5
5 0
0 5
5 5
4 5
5 2
1 5
5 3
4 5
5 4
0 5
5 5
3 5
5 0
0 5
5 0
2 5
5 0
5 5
5 0
0 5
5 0
5 5
5 0
0 5
5 4
2 5
5 0
4 5
5 3
4 5
5 2
3 5
5 2
0 5

29 26 30 26 24 36 35 30 27 31 29 27 25 22 27 17 18 27 29 29 23 25 24 24 24 19 27 24 23 29 32 28
30 30 26 29 33 24 25 28 31 29 26 25 29 26 26 38 37 32 30 24 27 25 28 26 27 33 24 30 35 31 30 36
