128
16
32
4
5

0 32
0 32
0 32
0 32
0 32
0 32
0 32
0 32
0 32
0 32
0 32
0 32
0 32
0 32
0 32
0 32
0 32
0 32
0 32
0 32
0 32
0 32
0 32
0 32
0 32
0 32
0 32
0 32
0 32
0 32
0 32
0 32
0 32
0 32
0 32
0 32
0 32
0 32
0 32
0 32
0 32
0 32
0 32
0 32
0 32
0 32
0 32
0 32
0 32
0 32
0 32
0 32
0 32
0 32
0 32
0 32
0 32
0 32
0 32
0 32
0 32
0 32
0 32
0 32
0 32
0 32
0 32
0 32
0 32
0 32
0 32
0 32
0 32
0 32
0 32
0 32
0 32
0 32
0 32
0 32
0 32
0 32
0 32
0 32
0 32
0 32
0 32
0 32
0 32
0 32
0 32
0 32
0 32
0 32
0 32
0 32
0 32
0 32
0 32
0 32
0 32
0 32
0 32
0 32
0 32
0 32
0 32
0 32
0 32
0 32
0 32
0 32
0 32
0 32
0 32
0 32
0 32
0 32
0 32
0 32
0 32
0 32
0 32
0 32
0 32
0 32
0 32
0 32

0 32
0 32
0 32
0 32
0 32
0 32
0 32
0 32
0 32
0 32
0 32
0 32
0 32
0 32
0 32
0 32
0 32
0 32
0 32
0 32
0 32
0 32
0 32
0 32
0 32
0 32
0 32
0 32
0 32
0 32
0 32
0 32
0 32
0 32
0 32
0 32
0 32
0 32
0 32
0 32
0 32
0 32
0 32
0 32
0 32
0 32
0 32
0 32
0 32
0 32
0 32
0 32
0 32
0 32
0 32
0 32
0 32
0 32
0 32
0 32
0 32
0 32
0 32
0 32
0 32
0 32
0 32
0 32
0 32
0 32
0 32
0 32
0 32
0 32
0 32
0 32
0 32
0 32
0 32
0 32
0 32
0 32
0 32
0 32
0 32
0 32
0 32
0 32
0 32
0 32
0 32
0 32
0 32
0 32
0 32
0 32
0 32
0 32
0 32
0 32
0 32
0 32
0 32
0 32
0 32
0 32
0 32
0 32
0 32
0 32
0 32
0 32
0 32
0 32
0 32
0 32
0 32
0 32
0 32
0 32
0 32
0 32
0 32
0 32
0 32
0 32
0 32
0 32

16 32
16 32
16 32
16 32
16 32
16 32
16 32
16 32
16 32
16 32
16 32
16 32
16 32
16 32
16 32
16 32
16 32
16 32
16 32
16 32
16 32
16 32
16 32
16 32
16 32
16 32
16 32
16 32
16 32
16 32
16 32
16 32
16 32
16 32
16 32
16 32
16 32
16 32
16 32
16 32
16 32
16 32
16 32
16 32
16 32
16 32
16 32
16 32
16 32
16 32
16 32
16 32
16 32
16 32
16 32
16 32
16 32
16 32
16 32
16 32
16 32
16 32
16 32
16 32
16 32
16 32
16 32
16 32
16 32
16 32
16 32
16 32
16 32
16 32
16 32
16 32
16 32
16 32
16 32
16 32
16 32
16 32
16 32
16 32
16 32
16 32
16 32
16 32
16 32
16 32
16 32
16 32
16 32
16 32
16 32
16 32
16 32
16 32
16 32
16 32
16 32
16 32
16 32
16 32
16 32
16 32
16 32
16 32
16 32
16 32
16 32
16 32
16 32
16 32
16 32
16 32
16 32
16 32
16 32
16 32
16 32
16 32
16 32
16 32
16 32
16 32
16 32
16 32

5 0 1 0 5 0 0 0 0 0 0 0 0 0 0 0
0 5 0 0 0 0 0 0 0 0 0 0 5 2 0 2
0 0 5 0 0 5 0 0 0 0 0 0 0 0 1 0
0 0 0 5 0 0 0 0 0 0 0 0 0 0 0 0
0 3 0 1 5 4 2 0 0 0 0 0 0 0 0 0
0 0 0 0 0 5 2 0 0 0 0 0 0 4 0 0
0 0 0 0 0 0 5 0 4 0 1 2 0 0 0 0
0 0 0 0 0 0 0 5 0 0 0 0 0 0 0 0
0 0 5 4 0 5 1 0 5 0 1 0 0 0 0 0
0 0 5 0 0 0 0 0 0 5 0 0 0 5 4 0
0 0 0 0 0 0 0 0 0 5 5 5 0 5 1 0
0 0 0 0 3 4 1 0 0 0 0 5 0 0 0 0
0 0 0 0 0 0 0 0 0 0 0 0 5 0 0 0
0 0 0 0 0 0 1 0 0 0 0 0 3 5 0 0
0 0 0 0 0 0 0 0 0 0 0 0 0 0 5 0
0 0 0 5 0 0 0 0 0 0 0 3 0 2 0 5
5 0 0 0 0 0 0 0 0 0 0 3 0 4 0 5
0 5 0 4 0 5 0 0 0 0 0 0 0 5 0 1
1 2 5 0 0 0 0 0 0 3 0 0 0 0 5 0
5 0 2 5 4 0 0 0 4 0 0 0 0 0 0 0
0 0 0 0 5 0 0 0 0 0 3 0 0 0 0 5
2 0 0 0 0 5 0 0 0 4 0 0 2 0 2 0
0 0 0 0 0 0 5 0 0 0 0 0 0 0 0 0
0 0 0 0 0 0 0 5 0 0 0 0 0 0 0 0
0 0 0 4 5 0 1 0 5 0 5 0 0 0 0 0
0 0 0 0 0 3 0 3 0 5 0 0 0 0 4 0
0 0 0 0 0 0 0 0 0 0 5 0 0 0 0 0
0 0 0 0 0 0 0 0 0 0 0 5 0 0 0 0
0 0 0 0 0 0 0 0 0 0 4 0 5 0 0 0
2 0 0 1 0 0 0 1 0 0 0 0 0 5 0 0
0 0 0 2 0 3 0 0 0 0 0 0 4 0 5 0
0 0 0 0 0 0 0 0 0 0 0 0 0 0 0 5
5 0 5 0 0 0 0 0 2 1 1 0 0 0 0 0
0 5 0 0 0 0 0 0 0 0 0 0 0 0 0 0
0 0 5 0 0 0 0 0 0 0 0 0 0 0 0 0
0 0 2 5 0 0 3 0 0 0 0 4 3 0 0 0
0 0 0 4 5 0 0 0 0 0 0 0 0 0 0 3
0 0 0 0 0 5 0 0 3 0 0 0 4 0 0 0
0 5 0 4 0 0 5 0 0 0 0 2 0 0 0 0
0 0 0 0 0 0 0 5 0 0 0 0 0 0 0 0
0 0 0 0 1 0 0 0 5 0 0 0 0 0 3 0
0 0 0 0 2 0 0 0 2 5 0 1 0 0 0 3
0 0 1 4 0 0 0 0 3 1 5 0 3 0 0 0
0 0 0 2 5 0 0 0 4 4 0 5 0 0 0 0
0 0 0 0 5 0 0 1 0 0 5 0 5 0 0 4
4 0 0 0 0 0 0 0 0 0 0 5 0 5 0 0
5 0 0 0 4 0 5 0 0 5 0 0 3 0 5 0
0 0 1 5 0 0 3 0 2 0 0 0 0 0 0 5
5 4 0 0 0 4 0 0 0 0 0 0 0 0 0 4
2 5 0 0 1 4 0 0 0 0 0 0 0 0 4 5
0 0 5 0 0 0 0 2 1 0 0 0 0 0 0 0
0 0 0 5 5 0 1 0 3 0 0 0 0 0 0 1
0 0 0 0 5 0 0 0 0 0 0 0 0 0 0 0
0 0 0 5 0 5 0 0 0 0 0 1 0 0 5 3
0 0 0 0 1 0 5 5 0 0 0 0 0 0 4 0
0 0 0 0 3 0 0 5 1 0 0 0 0 0 0 0
0 0 0 0 0 0 0 0 5 0 0 0 0 0 0 0
0 3 0 0 0 5 0 0 0 5 0 0 0 0 3 0
0 0 0 0 0 0 0 0 0 0 5 0 0 0 0 0
0 0 0 0 0 0 0 0 0 0 0 5 0 0 0 0
0 0 3 0 0 0 0 0 0 2 0 0 5 0 0 0
0 0 0 0 0 0 4 4 0 0 0 0 0 5 0 4
0 0 0 0 0 0 0 0 0 0 0 0 0 0 5 0
0 0 1 0 0 0 2 0 0 0 0 0 0 3 0 5
5 0 0 0 0 4 0 4 5 0 0 0 0 0 0 0
0 5 0 0 0 0 0 0 0 0 0 0 0 0 0 0
0 0 5 0 0 0 0 0 0 0 0 0 0 0 0 0
0 0 0 5 0 0 0 0 0 0 0 1 0 0 1 0
0 0 0 0 5 0 0 0 0 0 0 0 0 0 0 0
0 0 0 0 0 5 0 0 0 0 0 0 0 0 0 0
0 0 0 0 0 0 5 0 0 0 0 0 0 0 0 0
0 0 0 0 0 0 0 5 0 0 0 0 0 0 0 0
0 0 0 0 0 0 0 0 5 0 0 5 2 0 5 0
0 0 0 0 0 5 0 0 3 5 0 0 0 0 2 0
0 0 5 5 0 0 0 0 0 0 5 0 0 0 0 4
0 0 0 0 0 0 0 0 0 0 0 5 0 0 0 0
0 0 0 0 0 0 3 0 0 4 0 0 5 0 3 0
0 0 0 2 0 0 0 0 0 0 4 0 0 5 0 0
0 0 0 0 0 0 0 1 0 0 0 0 0 0 5 5
0 0 0 0 0 0 0 0 0 0 0 0 0 0 0 5
5 0 0 0 0 0 0 0 0 0 0 0 0 0 0 0
1 5 0 3 0 0 0 0 0 0 3 0 0 0 0 0
0 0 5 0 0 0 0 0 0 0 0 0 0 0 0 0
0 0 0 5 0 0 0 0 2 0 0 0 0 0 0 3
0 0 0 0 5 0 0 0 0 0 0 0 0 0 0 0
0 0 2 0 0 5 2 0 3 0 0 0 0 0 0 0
0 0 0 0 0 0 5 0 0 0 0 0 0 0 0 0
0 0 0 0 0 0 0 5 0 0 0 0 0 0 0 0
0 0 0 5 0 5 0 0 5 0 0 0 0 5 0 0
3 0 0 0 0 0 0 0 0 5 0 4 0 0 0 0
0 0 0 0 0 0 0 0 0 0 5 0 0 0 0 0
0 0 0 0 0 5 1 0 0 3 0 5 0 0 0 0
0 0 0 0 0 0 0 0 0 5 0 0 5 0 5 0
0 1 0 0 0 0 1 0 0 0 0 5 1 5 0 0
0 0 0 0 0 0 0 0 0 0 0 0 0 0 5 0
0 0 0 0 0 0 0 0 0 0 0 0 0 0 0 5
5 0 0 0 0 0 0 0 0 0 0 0 0 0 0 0
0 5 0 0 0 0 0 0 0 0 0 0 0 0 0 0
0 0 5 0 0 0 0 0 0 0 0 0 0 0 0 0
0 0 0 5 0 0 0 0 0 0 0 0 0 0 0 0
0 0 0 0 5 0 0 0 0 2 0 0 0 2 0 1
0 0 0 0 0 5 5 0 1 0 0 0 0 3 0 0
0 0 0 4 0 3 5 0 0 0 0 0 0 0 0 3
0 0 0 0 0 0 0 5 0 0 0 0 0 0 0 0
0 2 0 0 0 0 0 0 5 0 3 0 0 0 0 0
0 0 0 5 0 0 0 0 3 5 0 0 0 0 0 0
1 0 0 0 2 3 0 0 0 3 5 3 0 0 0 0
0 0 0 0 3 4 0 0 0 0 0 5 0 2 3 5
0 0 0 0 0 0 0 0 0 3 0 0 5 0 0 3
4 0 0 0 0 0 0 0 0 0 0 0 0 5 5 0
0 0 0 0 0 0 0 0 0 0 0 0 0 0 5 0
0 0 0 0 0 0 0 0 0 0 0 0 0 0 0 5
5 0 0 0 0 0 0 0 0 0 0 0 0 0 0 0
0 5 3 0 0 0 0 0 2 2 0 0 1 0 1 0
0 0 5 0 0 0 0 0 0 0 0 0 0 0 0 0
0 0 0 5 0 0 0 0 0 0 0 0 5 2 1 5
4 3 4 0 5 0 0 0 0 0 1 0 0 0 0 0
0 0 0 0 0 5 0 0 0 0 0 0 0 0 0 0
0 0 0 0 0 0 5 0 0 0 0 0 0 0 0 0
0 0 0 0 5 0 0 5 0 0 2 0 0 0 0 0
0 5 0 0 0 0 5 1 5 0 0 0 0 0 4 0
0 0 0 0 1 0 0 0 0 5 0 0 0 4 0 0
0 0 0 0 0 0 0 0 0 0 5 0 0 0 0 0
0 0 0 0 3 0 0 0 2 0 0 5 0 0 5 3
0 0 0 0 0 0 0 0 2 0 0 0 5 0 0 0
0 0 0 0 0 0 0 0 0 0 0 0 0 5 0 0
0 0 0 0 0 0 0 0 0 0 0 0 0 0 5 0
0 0 2 0 0 0 0 0 0 0 0 3 0 0 0 5

6 6 9 7 6 4 7 3 8 9 8 7 8 8 3 4 6 4 7 4 4 4 6 6 7 9 5 4 3 4 4 5
7 5 2 6 5 3 2 6 2 3 6 4 4 4 4 3 6 3 8 5 7 9 7 4 5 4 5 7 5 5 8 5
6 8 7 9 11 7 7 8 9 7 8 7 7 8 8 9 5 8 5 7 9 5 9 8 7 10 9 9 8 6 7 8
9 9 9 6 7 5 8 6 6 4 5 3 6 6 7 10 9 7 8 6 6 4 2 9 5 9 8 9 4 11 10 6
5 5 7 3 5 5 6 7 3 9 7 5 6 6 6 7 7 7 6 4 8 5 5 5 4 0 7 8 8 7 7 9
5 9 10 6 7 4 3 6 4 10 4 7 6 4 9 8 7 5 5 5 4 6 9 3 8 5 6 7 4 6 5 9
10 5 5 10 8 7 7 6 6 8 11 7 7 6 6 6 6 5 8 10 7 8 8 5 5 11 6 9 10 10 6 7
7 8 10 5 8 8 6 8 7 7 8 9 7 6 7 8 9 10 9 10 6 8 3 4 8 6 6 8 7 11 11 11
5 6 5 5 4 9 7 4 5 5 5 7 10 8 6 5 7 9 7 8 8 10 5 10 7 4 6 8 9 3 6 10
3 0 4 3 6 8 4 5 3 9 4 7 3 2 4 4 1 5 6 6 3 4 4 3 5 6 4 2 8 4 3 3
7 10 7 9 4 6 6 6 6 5 4 9 7 8 7 7 6 6 6 9 4 7 8 3 5 4 7 6 9 6 9 9
8 7 6 9 8 7 6 7 9 7 4 3 9 8 8 8 5 9 7 5 4 7 7 7 4 8 3 4 6 7 9 8
7 8 3 5 5 5 3 3 8 5 9 3 6 7 6 5 6 2 2 0 6 5 5 6 6 6 5 1 4 4 6 5
7 8 5 3 2 5 6 8 7 5 7 5 6 4 3 3 6 5 4 3 6 3 6 7 10 5 5 4 5 8 2 6
9 12 7 9 12 8 11 9 9 6 10 12 8 10 10 8 9 9 8 12 9 10 5 8 9 8 15 9 10 6 7 10
12 5 9 6 7 8 9 9 5 3 6 8 8 9 8 6 6 6 10 7 9 12 6 9 7 7 8 9 9 9 12 8
