64
2
32
4
5

0 32
0 32
0 32
0 32
0 32
0 32
0 32
0 32
0 32
0 32
0 32
0 32
0 32
0 32
0 32
0 32
0 32
0 32
0 32
0 32
0 32
0 32
0 32
0 32
0 32
0 32
0 32
0 32
0 32
0 32
0 32
0 32
0 32
0 32
0 32
0 32
0 32
0 32
0 32
0 32
0 32
0 32
0 32
0 32
0 32
0 32
0 32
0 32
0 32
0 32
0 32
0 32
0 32
0 32
0 32
0 32
0 32
0 32
0 32
0 32
0 32
0 32
0 32
0 32

0 32
0 32
0 32
0 32
0 32
0 32
0 32
0 32
0 32
0 32
0 32
0 32
0 32
0 32
0 32
0 32
0 32
0 32
0 32
0 32
0 32
0 32
0 32
0 32
0 32
0 32
0 32
0 32
0 32
0 32
0 32
0 32
0 32
0 32
0 32
0 32
0 32
0 32
0 32
0 32
0 32
0 32
0 32
0 32
0 32
0 32
0 32
0 32
0 32
0 32
0 32
0 32
0 32
0 32
0 32
0 32
0 32
0 32
0 32
0 32
0 32
0 32
0 32
0 32

16 32
16 32
16 32
16 32
16 32
16 32
16 32
16 32
16 32
16 32
16 32
16 32
16 32
16 32
16 32
16 32
16 32
16 32
16 32
16 32
16 32
16 32
16 32
16 32
16 32
16 32
16 32
16 32
16 32
16 32
16 32
16 32
16 32
16 32
16 32
16 32
16 32
16 32
16 32
16 32
16 32
16 32
16 32
16 32
16 32
16 32
16 32
16 32
16 32
16 32
16 32
16 32
16 32
16 32
16 32
16 32
16 32
16 32
16 32
16 32
16 32
16 32
16 32
16 32

5 2
0 5
5 5
0 5
5 0
0 5
5 1
3 5
5 0
3 5
5 0
0 5
5 0
3 5
5 0
0 5
5 2
4 5
5 3
0 5
5 1
4 5
5 0
4 5
5 3
0 5
5 3
4 5
5 4
5 5
5 4
0 5
5 0
5 5
5 2
3 5
5 0
3 5
5 0
1 5
5 5
2 5
5 2
4 5
5 3
2 5
5 2
2 5
5 0
1 5
5 0
4 5
5 5
5 5
5 2
2 5
5 0
3 5
5 0
0 5
5 2
1 5
5 0
4 5

34 29 24 23 27 28 22 27 28 25 24 22 39 35 29 39 24 30 33 28 25 27 27 27 36 26 26 31 32 29 34 37
23 27 32 28 27 22 29 24 27 26 29 28 16 23 27 20 25 21 22 25 30 28 28 26 19 28 27 23 23 29 22 27
