64
2
32
4
5

0 32
0 32
0 32
0 32
0 32
0 32
0 32
0 32
0 32
0 32
0 32
0 32
0 32
0 32
0 32
0 32
0 32
0 32
0 32
0 32
0 32
0 32
0 32
0 32
0 32
0 32
0 32
0 32
0 32
0 32
0 32
0 32
0 32
0 32
0 32
0 32
0 32
0 32
0 32
0 32
0 32
0 32
0 32
0 32
0 32
0 32
0 32
0 32
0 32
0 32
0 32
0 32
0 32
0 32
0 32
0 32
0 32
0 32
0 32
0 32
0 32
0 32
0 32
0 32

0 32
0 32
0 32
0 32
0 32
0 32
0 32
0 32
0 32
0 32
0 32
0 32
0 32
0 32
0 32
0 32
0 32
0 32
0 32
0 32
0 32
0 32
0 32
0 32
0 32
0 32
0 32
0 32
0 32
0 32
0 32
0 32
0 32
0 32
0 32
0 32
0 32
0 32
0 32
0 32
0 32
0 32
0 32
0 32
0 32
0 32
0 32
0 32
0 32
0 32
0 32
0 32
0 32
0 32
0 32
0 32
0 32
0 32
0 32
0 32
0 32
0 32
0 32
0 32

16 32
16 32
16 32
16 32
16 32
16 32
16 32
16 32
16 32
16 32
16 32
16 32
16 32
16 32
16 32
16 32
16 32
16 32
16 32
16 32
16 32
16 32
16 32
16 32
16 32
16 32
16 32
16 32
16 32
16 32
16 32
16 32
16 32
16 32
16 32
16 32
16 32
16 32
16 32
16 32
16 32
16 32
16 32
16 32
16 32
16 32
16 32
16 32
16 32
16 32
16 32
16 32
16 32
16 32
16 32
16 32
16 32
16 32
16 32
16 32
16 32
16 32
16 32
16 32

5 0
0 5
5 4
5 5
5 1
5 5
5 2
4 5
5 5
5 5
5 0
0 5
5 0
2 5
5 3
2 5
5 0
0 5
5 1
3 5
5 1
1 5
5 1
1 5
5 5
0 5
5 4
1 5
5 1
3 5
5 0
0 5
5 0
5 5
5 2
1 5
5 2
4 5
5 5
2 5
5 0
3 5
5 0
2 5
5 0
0 5
5 0
1 5
5 5
2 5
5 5
0 5
5 1
0 5
5 0
1 5
5 2
1 5
5 5
3 5
5 5
5 5
5 0
0 5

38 30 35 28 31 31 27 28 25 28 34 35 22 27 31 24 28 24 30 33 26 34 23 27 27 26 30 27 29 36 31 33
25 28 22 29 23 22 22 23 28 28 21 20 26 23 23 29 29 29 23 20 24 17 26 24 28 27 23 30 27 26 31 31
