64
2
32
4
5

0 32
0 32
0 32
0 32
0 32
0 32
0 32
0 32
0 32
0 32
0 32
0 32
0 32
0 32
0 32
0 32
0 32
0 32
0 32
0 32
0 32
0 32
0 32
0 32
0 32
0 32
0 32
0 32
0 32
0 32
0 32
0 32
0 32
0 32
0 32
0 32
0 32
0 32
0 32
0 32
0 32
0 32
0 32
0 32
0 32
0 32
0 32
0 32
0 32
0 32
0 32
0 32
0 32
0 32
0 32
0 32
0 32
0 32
0 32
0 32
0 32
0 32
0 32
0 32

0 32
0 32
0 32
0 32
0 32
0 32
0 32
0 32
0 32
0 32
0 32
0 32
0 32
0 32
0 32
0 32
0 32
0 32
0 32
0 32
0 32
0 32
0 32
0 32
0 32
0 32
0 32
0 32
0 32
0 32
0 32
0 32
0 32
0 32
0 32
0 32
0 32
0 32
0 32
0 32
0 32
0 32
0 32
0 32
0 32
0 32
0 32
0 32
0 32
0 32
0 32
0 32
0 32
0 32
0 32
0 32
0 32
0 32
0 32
0 32
0 32
0 32
0 32
0 32

16 32
16 32
16 32
16 32
16 32
16 32
16 32
16 32
16 32
16 32
16 32
16 32
16 32
16 32
16 32
16 32
16 32
16 32
16 32
16 32
16 32
16 32
16 32
16 32
16 32
16 32
16 32
16 32
16 32
16 32
16 32
16 32
16 32
16 32
16 32
16 32
16 32
16 32
16 32
16 32
16 32
16 32
16 32
16 32
16 32
16 32
16 32
16 32
16 32
16 32
16 32
16 32
16 32
16 32
16 32
16 32
16 32
16 32
16 32
16 32
16 32
16 32
16 32
16 32

5 0
0 5
5 5
0 5
5 4
4 5
5 0
3 5
5 4
0 5
5 2
0 5
5 0
4 5
5 5
1 5
5 2
1 5
5 0
2 5
5 0
1 5
5 5
5 5
5 3
5 5
5 3
0 5
5 2
0 5
5 1
0 5
5 4
0 5
5 4
0 5
5 0
3 5
5 1
0 5
5 1
5 5
5 2
0 5
5 3
2 5
5 3
0 5
5 1
2 5
5 0
1 5
5 1
0 5
5 0
0 5
5 5
0 5
5 2
5 5
5 5
0 5
5 1
0 5

21 24 23 28 20 25 28 26 26 21 23 22 24 30 21 23 26 24 23 25 27 24 24 25 29 28 19 23 21 24 28 29
37 33 31 25 36 32 28 31 33 33 33 31 28 25 33 28 27 27 30 30 29 34 33 33 27 25 36 31 37 36 35 35
