64
2
32
4
5

0 32
0 32
0 32
0 32
0 32
0 32
0 32
0 32
0 32
0 32
0 32
0 32
0 32
0 32
0 32
0 32
0 32
0 32
0 32
0 32
0 32
0 32
0 32
0 32
0 32
0 32
0 32
0 32
0 32
0 32
0 32
0 32
0 32
0 32
0 32
0 32
0 32
0 32
0 32
0 32
0 32
0 32
0 32
0 32
0 32
0 32
0 32
0 32
0 32
0 32
0 32
0 32
0 32
0 32
0 32
0 32
0 32
0 32
0 32
0 32
0 32
0 32
0 32
0 32

0 32
0 32
0 32
0 32
0 32
0 32
0 32
0 32
0 32
0 32
0 32
0 32
0 32
0 32
0 32
0 32
0 32
0 32
0 32
0 32
0 32
0 32
0 32
0 32
0 32
0 32
0 32
0 32
0 32
0 32
0 32
0 32
0 32
0 32
0 32
0 32
0 32
0 32
0 32
0 32
0 32
0 32
0 32
0 32
0 32
0 32
0 32
0 32
0 32
0 32
0 32
0 32
0 32
0 32
0 32
0 32
0 32
0 32
0 32
0 32
0 32
0 32
0 32
0 32

16 32
16 32
16 32
16 32
16 32
16 32
16 32
16 32
16 32
16 32
16 32
16 32
16 32
16 32
16 32
16 32
16 32
16 32
16 32
16 32
16 32
16 32
16 32
16 32
16 32
16 32
16 32
16 32
16 32
16 32
16 32
16 32
16 32
16 32
16 32
16 32
16 32
16 32
16 32
16 32
16 32
16 32
16 32
16 32
16 32
16 32
16 32
16 32
16 32
16 32
16 32
16 32
16 32
16 32
16 32
16 32
16 32
16 32
16 32
16 32
16 32
16 32
16 32
16 32

5 4
4 5
5 2
5 5
5 4
0 5
5 0
0 5
5 3
4 5
5 4
0 5
5 3
0 5
5 4
4 5
5 0
0 5
5 0
0 5
5 0
2 5
5 0
2 5
5 2
0 5
5 0
2 5
5 0
0 5
5 0
0 5
5 0
5 5
5 0
4 5
5 5
0 5
5 0
0 5
5 0
2 5
5 5
1 5
5 0
3 5
5 0
0 5
5 3
3 5
5 5
5 5
5 2
0 5
5 0
4 5
5 0
2 5
5 0
2 5
5 2
4 5
5 2
0 5

30 35 33 30 26 28 23 25 24 27 26 27 26 27 25 30 33 25 27 26 24 30 28 30 24 28 27 29 33 28 32 36
32 26 24 26 30 22 25 26 23 20 24 25 24 29 32 29 27 33 32 29 32 29 29 22 27 24 24 24 24 27 31 28
