64
2
32
4
5

0 32
0 32
0 32
0 32
0 32
0 32
0 32
0 32
0 32
0 32
0 32
0 32
0 32
0 32
0 32
0 32
0 32
0 32
0 32
0 32
0 32
0 32
0 32
0 32
0 32
0 32
0 32
0 32
0 32
0 32
0 32
0 32
0 32
0 32
0 32
0 32
0 32
0 32
0 32
0 32
0 32
0 32
0 32
0 32
0 32
0 32
0 32
0 32
0 32
0 32
0 32
0 32
0 32
0 32
0 32
0 32
0 32
0 32
0 32
0 32
0 32
0 32
0 32
0 32

0 32
0 32
0 32
0 32
0 32
0 32
0 32
0 32
0 32
0 32
0 32
0 32
0 32
0 32
0 32
0 32
0 32
0 32
0 32
0 32
0 32
0 32
0 32
0 32
0 32
0 32
0 32
0 32
0 32
0 32
0 32
0 32
0 32
0 32
0 32
0 32
0 32
0 32
0 32
0 32
0 32
0 32
0 32
0 32
0 32
0 32
0 32
0 32
0 32
0 32
0 32
0 32
0 32
0 32
0 32
0 32
0 32
0 32
0 32
0 32
0 32
0 32
0 32
0 32

16 32
16 32
16 32
16 32
16 32
16 32
16 32
16 32
16 32
16 32
16 32
16 32
16 32
16 32
16 32
16 32
16 32
16 32
16 32
16 32
16 32
16 32
16 32
16 32
16 32
16 32
16 32
16 32
16 32
16 32
16 32
16 32
16 32
16 32
16 32
16 32
16 32
16 32
16 32
16 32
16 32
16 32
16 32
16 32
16 32
16 32
16 32
16 32
16 32
16 32
16 32
16 32
16 32
16 32
16 32
16 32
16 32
16 32
16 32
16 32
16 32
16 32
16 32
16 32

5 4
1 5
5 2
5 5
5 4
0 5
5 0
5 5
5 4
1 5
5 0
0 5
5 2
3 5
5 5
4 5
5 0
2 5
5 1
2 5
5 0
5 5
5 0
0 5
5 4
1 5
5 0
4 5
5 0
0 5
5 0
0 5
5 1
0 5
5 4
5 5
5 0
0 5
5 3
3 5
5 0
4 5
5 0
4 5
5 0
2 5
5 0
0 5
5 0
0 5
5 0
2 5
5 4
0 5
5 1
2 5
5 0
5 5
5 2
1 5
5 1
0 5
5 1
0 5

33 30 27 27 22 26 27 29 30 34 27 37 30 28 25 27 29 21 25 34 29 27 22 28 27 29 27 29 29 28 23 34
29 26 26 26 31 27 27 24 22 18 24 18 23 28 27 26 21 27 24 19 18 21 25 22 28 23 26 25 27 31 30 26
