64
2
32
4
5

0 32
0 32
0 32
0 32
0 32
0 32
0 32
0 32
0 32
0 32
0 32
0 32
0 32
0 32
0 32
0 32
0 32
0 32
0 32
0 32
0 32
0 32
0 32
0 32
0 32
0 32
0 32
0 32
0 32
0 32
0 32
0 32
0 32
0 32
0 32
0 32
0 32
0 32
0 32
0 32
0 32
0 32
0 32
0 32
0 32
0 32
0 32
0 32
0 32
0 32
0 32
0 32
0 32
0 32
0 32
0 32
0 32
0 32
0 32
0 32
0 32
0 32
0 32
0 32

0 32
0 32
0 32
0 32
0 32
0 32
0 32
0 32
0 32
0 32
0 32
0 32
0 32
0 32
0 32
0 32
0 32
0 32
0 32
0 32
0 32
0 32
0 32
0 32
0 32
0 32
0 32
0 32
0 32
0 32
0 32
0 32
0 32
0 32
0 32
0 32
0 32
0 32
0 32
0 32
0 32
0 32
0 32
0 32
0 32
0 32
0 32
0 32
0 32
0 32
0 32
0 32
0 32
0 32
0 32
0 32
0 32
0 32
0 32
0 32
0 32
0 32
0 32
0 32

16 32
16 32
16 32
16 32
16 32
16 32
16 32
16 32
16 32
16 32
16 32
16 32
16 32
16 32
16 32
16 32
16 32
16 32
16 32
16 32
16 32
16 32
16 32
16 32
16 32
16 32
16 32
16 32
16 32
16 32
16 32
16 32
16 32
16 32
16 32
16 32
16 32
16 32
16 32
16 32
16 32
16 32
16 32
16 32
16 32
16 32
16 32
16 32
16 32
16 32
16 32
16 32
16 32
16 32
16 32
16 32
16 32
16 32
16 32
16 32
16 32
16 32
16 32
16 32

5 0
3 5
5 0
0 5
5 0
0 5
5 5
0 5
5 4
0 5
5 5
0 5
5 5
4 5
5 1
1 5
5 0
4 5
5 1
0 5
5 5
0 5
5 5
2 5
5 1
4 5
5 0
0 5
5 3
0 5
5 0
0 5
5 2
5 5
5 0
3 5
5 0
3 5
5 0
0 5
5 4
1 5
5 4
0 5
5 0
4 5
5 0
1 5
5 4
0 5
5 0
0 5
5 0
1 5
5 5
5 5
5 0
3 5
5 5
4 5
5 0
3 5
5 3
5 5

26 30 24 27 25 30 32 28 24 24 24 21 20 22 24 23 19 25 28 31 25 26 30 27 25 27 27 28 29 30 28 33
28 27 33 28 28 22 22 26 27 29 28 27 32 30 26 26 29 23 18 24 34 30 27 25 23 30 24 27 25 29 30 31
