64
2
32
4
5

0 32
0 32
0 32
0 32
0 32
0 32
0 32
0 32
0 32
0 32
0 32
0 32
0 32
0 32
0 32
0 32
0 32
0 32
0 32
0 32
0 32
0 32
0 32
0 32
0 32
0 32
0 32
0 32
0 32
0 32
0 32
0 32
0 32
0 32
0 32
0 32
0 32
0 32
0 32
0 32
0 32
0 32
0 32
0 32
0 32
0 32
0 32
0 32
0 32
0 32
0 32
0 32
0 32
0 32
0 32
0 32
0 32
0 32
0 32
0 32
0 32
0 32
0 32
0 32

0 32
0 32
0 32
0 32
0 32
0 32
0 32
0 32
0 32
0 32
0 32
0 32
0 32
0 32
0 32
0 32
0 32
0 32
0 32
0 32
0 32
0 32
0 32
0 32
0 32
0 32
0 32
0 32
0 32
0 32
0 32
0 32
0 32
0 32
0 32
0 32
0 32
0 32
0 32
0 32
0 32
0 32
0 32
0 32
0 32
0 32
0 32
0 32
0 32
0 32
0 32
0 32
0 32
0 32
0 32
0 32
0 32
0 32
0 32
0 32
0 32
0 32
0 32
0 32

16 32
16 32
16 32
16 32
16 32
16 32
16 32
16 32
16 32
16 32
16 32
16 32
16 32
16 32
16 32
16 32
16 32
16 32
16 32
16 32
16 32
16 32
16 32
16 32
16 32
16 32
16 32
16 32
16 32
16 32
16 32
16 32
16 32
16 32
16 32
16 32
16 32
16 32
16 32
16 32
16 32
16 32
16 32
16 32
16 32
16 32
16 32
16 32
16 32
16 32
16 32
16 32
16 32
16 32
16 32
16 32
16 32
16 32
16 32
16 32
16 32
16 32
16 32
16 32

5 0
2 5
5 1
4 5
5 0
3 5
5 0
5 5
5 0
4 5
5 4
2 5
5 5
0 5
5 0
4 5
5 0
5 5
5 0
1 5
5 4
0 5
5 0
4 5
5 3
5 5
5 2
5 5
5 1
3 5
5 0
0 5
5 3
1 5
5 3
3 5
5 4
0 5
5 5
0 5
5 0
0 5
5 0
4 5
5 0
1 5
5 4
0 5
5 1
0 5
5 0
1 5
5 0
4 5
5 1
2 5
5 3
3 5
5 0
0 5
5 0
3 5
5 0
0 5

33 30 29 27 28 25 25 22 21 22 27 27 30 31 26 24 30 36 33 32 27 39 27 31 32 32 34 31 34 27 29 33
25 19 26 25 20 26 23 23 29 27 23 24 28 26 27 26 25 23 25 22 21 16 23 26 24 22 26 28 23 27 26 27
