64
2
32
4
5

0 32
0 32
0 32
0 32
0 32
0 32
0 32
0 32
0 32
0 32
0 32
0 32
0 32
0 32
0 32
0 32
0 32
0 32
0 32
0 32
0 32
0 32
0 32
0 32
0 32
0 32
0 32
0 32
0 32
0 32
0 32
0 32
0 32
0 32
0 32
0 32
0 32
0 32
0 32
0 32
0 32
0 32
0 32
0 32
0 32
0 32
0 32
0 32
0 32
0 32
0 32
0 32
0 32
0 32
0 32
0 32
0 32
0 32
0 32
0 32
0 32
0 32
0 32
0 32

0 32
0 32
0 32
0 32
0 32
0 32
0 32
0 32
0 32
0 32
0 32
0 32
0 32
0 32
0 32
0 32
0 32
0 32
0 32
0 32
0 32
0 32
0 32
0 32
0 32
0 32
0 32
0 32
0 32
0 32
0 32
0 32
0 32
0 32
0 32
0 32
0 32
0 32
0 32
0 32
0 32
0 32
0 32
0 32
0 32
0 32
0 32
0 32
0 32
0 32
0 32
0 32
0 32
0 32
0 32
0 32
0 32
0 32
0 32
0 32
0 32
0 32
0 32
0 32

16 32
16 32
16 32
16 32
16 32
16 32
16 32
16 32
16 32
16 32
16 32
16 32
16 32
16 32
16 32
16 32
16 32
16 32
16 32
16 32
16 32
16 32
16 32
16 32
16 32
16 32
16 32
16 32
16 32
16 32
16 32
16 32
16 32
16 32
16 32
16 32
16 32
16 32
16 32
16 32
16 32
16 32
16 32
16 32
16 32
16 32
16 32
16 32
16 32
16 32
16 32
16 32
16 32
16 32
16 32
16 32
16 32
16 32
16 32
16 32
16 32
16 32
16 32
16 32

5 0
0 5
5 1
0 5
5 0
0 5
5 0
3 5
5 4
2 5
5 5
2 5
5 0
0 5
5 4
1 5
5 0
3 5
5 1
0 5
5 0
0 5
5 5
0 5
5 3
4 5
5 2
0 5
5 0
1 5
5 1
0 5
5 1
5 5
5 4
5 5
5 3
5 5
5 0
5 5
5 0
4 5
5 2
2 5
5 4
1 5
5 0
5 5
5 5
0 5
5 3
0 5
5 4
5 5
5 0
0 5
5 2
3 5
5 0
1 5
5 2
0 5
5 2
0 5

29 32 29 31 28 26 29 27 31 22 19 29 26 24 26 20 29 30 27 21 22 36 23 26 21 22 25 22 20 29 28 31
27 27 26 22 31 27 26 29 20 33 34 21 27 31 24 28 29 25 29 35 29 22 35 27 28 28 24 27 31 25 31 33
