128
16
32
4
5

0 32
0 32
0 32
0 32
0 32
0 32
0 32
0 32
0 32
0 32
0 32
0 32
0 32
0 32
0 32
0 32
0 32
0 32
0 32
0 32
0 32
0 32
0 32
0 32
0 32
0 32
0 32
0 32
0 32
0 32
0 32
0 32
0 32
0 32
0 32
0 32
0 32
0 32
0 32
0 32
0 32
0 32
0 32
0 32
0 32
0 32
0 32
0 32
0 32
0 32
0 32
0 32
0 32
0 32
0 32
0 32
0 32
0 32
0 32
0 32
0 32
0 32
0 32
0 32
0 32
0 32
0 32
0 32
0 32
0 32
0 32
0 32
0 32
0 32
0 32
0 32
0 32
0 32
0 32
0 32
0 32
0 32
0 32
0 32
0 32
0 32
0 32
0 32
0 32
0 32
0 32
0 32
0 32
0 32
0 32
0 32
0 32
0 32
0 32
0 32
0 32
0 32
0 32
0 32
0 32
0 32
0 32
0 32
0 32
0 32
0 32
0 32
0 32
0 32
0 32
0 32
0 32
0 32
0 32
0 32
0 32
0 32
0 32
0 32
0 32
0 32
0 32
0 32

0 32
0 32
0 32
0 32
0 32
0 32
0 32
0 32
0 32
0 32
0 32
0 32
0 32
0 32
0 32
0 32
0 32
0 32
0 32
0 32
0 32
0 32
0 32
0 32
0 32
0 32
0 32
0 32
0 32
0 32
0 32
0 32
0 32
0 32
0 32
0 32
0 32
0 32
0 32
0 32
0 32
0 32
0 32
0 32
0 32
0 32
0 32
0 32
0 32
0 32
0 32
0 32
0 32
0 32
0 32
0 32
0 32
0 32
0 32
0 32
0 32
0 32
0 32
0 32
0 32
0 32
0 32
0 32
0 32
0 32
0 32
0 32
0 32
0 32
0 32
0 32
0 32
0 32
0 32
0 32
0 32
0 32
0 32
0 32
0 32
0 32
0 32
0 32
0 32
0 32
0 32
0 32
0 32
0 32
0 32
0 32
0 32
0 32
0 32
0 32
0 32
0 32
0 32
0 32
0 32
0 32
0 32
0 32
0 32
0 32
0 32
0 32
0 32
0 32
0 32
0 32
0 32
0 32
0 32
0 32
0 32
0 32
0 32
0 32
0 32
0 32
0 32
0 32

16 32
16 32
16 32
16 32
16 32
16 32
16 32
16 32
16 32
16 32
16 32
16 32
16 32
16 32
16 32
16 32
16 32
16 32
16 32
16 32
16 32
16 32
16 32
16 32
16 32
16 32
16 32
16 32
16 32
16 32
16 32
16 32
16 32
16 32
16 32
16 32
16 32
16 32
16 32
16 32
16 32
16 32
16 32
16 32
16 32
16 32
16 32
16 32
16 32
16 32
16 32
16 32
16 32
16 32
16 32
16 32
16 32
16 32
16 32
16 32
16 32
16 32
16 32
16 32
16 32
16 32
16 32
16 32
16 32
16 32
16 32
16 32
16 32
16 32
16 32
16 32
16 32
16 32
16 32
16 32
16 32
16 32
16 32
16 32
16 32
16 32
16 32
16 32
16 32
16 32
16 32
16 32
16 32
16 32
16 32
16 32
16 32
16 32
16 32
16 32
16 32
16 32
16 32
16 32
16 32
16 32
16 32
16 32
16 32
16 32
16 32
16 32
16 32
16 32
16 32
16 32
16 32
16 32
16 32
16 32
16 32
16 32
16 32
16 32
16 32
16 32
16 32
16 32

5 0 0 0 2 0 0 0 0 0 0 0 0 0 0 3
0 5 0 0 0 0 5 0 0 0 0 0 3 0 0 0
5 0 5 0 0 0 1 0 0 0 0 0 0 0 0 0
0 0 0 5 0 0 0 0 0 0 5 0 0 5 4 0
0 0 0 5 5 0 5 3 0 0 0 0 0 0 3 0
0 0 0 0 0 5 0 0 0 0 3 0 0 0 0 1
0 0 0 0 0 0 5 0 0 0 0 0 0 0 0 0
5 0 0 0 0 0 0 5 0 0 0 0 0 0 0 0
0 0 0 0 0 0 0 0 5 0 0 0 0 0 0 0
0 0 0 0 0 0 2 3 0 5 0 0 0 0 0 3
0 0 4 4 0 0 4 0 0 0 5 2 2 0 0 0
3 0 0 0 0 0 1 0 0 0 0 5 0 0 0 0
0 0 0 5 0 0 0 0 0 0 3 0 5 0 0 0
1 0 0 0 0 0 0 0 0 4 2 0 0 5 1 0
0 0 0 3 0 0 0 4 0 0 2 3 0 0 5 0
2 0 0 0 0 0 0 0 0 0 1 0 0 0 0 5
5 0 0 0 0 0 0 0 0 0 0 0 0 0 0 0
0 5 0 3 0 0 0 0 0 0 0 0 5 0 0 0
0 5 5 0 0 0 0 0 4 4 0 0 0 0 0 0
0 0 0 5 0 0 0 0 0 0 0 0 0 0 0 0
0 1 0 5 5 0 0 0 0 0 1 0 0 0 0 0
0 2 0 0 1 5 0 5 0 0 0 1 0 0 0 0
0 0 0 2 0 0 5 0 0 0 0 0 5 0 0 0
0 0 0 0 3 0 0 5 0 0 5 0 4 4 0 0
0 0 3 0 0 0 0 0 5 0 0 0 4 0 0 0
0 0 0 0 0 0 0 5 3 5 5 0 0 3 0 0
0 0 0 0 0 0 0 0 0 0 5 0 0 0 0 0
0 0 0 0 0 0 0 0 0 0 5 5 0 0 2 0
0 0 0 0 0 0 0 0 0 0 0 0 5 0 0 0
0 1 0 0 3 0 0 0 0 0 0 0 2 5 0 1
0 0 0 0 0 0 0 0 0 0 0 0 0 0 5 0
0 0 0 0 0 0 0 0 0 0 0 0 0 0 0 5
5 0 0 0 0 0 3 0 0 0 3 0 1 0 3 4
0 5 0 0 0 0 0 0 0 0 5 0 3 0 0 0
0 0 5 0 0 0 0 4 5 0 0 0 0 0 0 2
0 0 0 5 0 0 0 0 0 0 0 0 0 0 0 0
5 0 0 0 5 0 0 0 4 0 0 0 0 0 0 0
0 0 0 0 0 5 2 0 5 3 0 4 0 0 0 0
0 0 0 0 0 0 5 0 0 0 4 0 0 0 0 2
0 0 0 0 0 0 0 5 0 0 0 0 0 0 0 0
0 0 0 0 0 0 0 2 5 0 0 0 0 0 0 1
3 0 2 0 4 0 0 0 0 5 0 0 5 4 0 0
0 0 0 0 4 2 1 0 0 4 5 0 0 0 0 1
0 0 0 0 0 0 0 0 0 0 0 5 0 0 0 0
0 0 0 0 0 0 0 0 0 0 0 0 5 0 0 0
0 0 0 0 0 0 0 0 0 0 0 0 0 5 0 0
0 0 3 5 0 2 0 0 0 0 0 0 0 1 5 0
0 0 0 2 3 0 0 0 0 0 0 1 0 0 0 5
5 0 0 4 1 0 0 0 2 0 0 0 3 0 0 1
0 5 3 0 0 0 0 0 0 0 4 0 0 5 0 3
0 0 5 0 0 0 0 0 0 0 4 0 2 0 0 0
0 2 0 5 0 0 4 0 0 1 0 0 0 0 0 2
0 0 0 0 5 0 0 5 0 3 0 0 0 0 2 0
0 0 0 0 5 5 0 0 4 0 0 0 0 0 0 0
0 0 5 2 0 0 5 0 0 0 2 0 4 0 0 0
0 0 0 0 0 0 0 5 0 0 0 0 0 0 0 0
0 0 3 0 5 0 0 0 5 0 0 3 0 0 0 1
0 0 0 2 0 0 0 0 0 5 0 0 0 0 2 1
0 0 0 0 0 0 0 0 0 0 5 0 0 0 0 0
0 0 0 0 0 0 0 0 0 0 0 5 0 0 0 0
0 4 0 0 0 0 0 3 0 0 0 0 5 0 0 0
0 0 0 0 0 0 1 0 0 0 0 0 0 5 0 1
0 0 0 0 0 0 0 0 0 0 0 0 0 0 5 0
0 3 0 5 0 1 0 0 0 0 0 0 0 0 3 5
5 0 0 0 0 0 0 0 0 0 0 0 0 0 0 0
2 5 0 0 0 0 0 1 0 0 0 0 0 5 0 0
0 0 5 0 0 0 0 0 0 0 0 0 0 0 0 0
4 0 0 5 0 0 0 0 0 0 0 0 0 0 0 1
0 1 0 1 5 3 0 4 0 0 0 0 0 0 0 1
0 0 0 0 0 5 0 0 0 0 0 0 0 0 0 0
4 0 0 0 0 0 5 5 0 0 4 0 0 0 0 4
3 0 0 0 0 0 3 5 0 0 3 2 0 0 0 0
1 0 0 0 2 0 0 0 5 0 0 2 0 0 5 0
0 0 0 0 0 0 0 0 0 5 0 0 0 0 0 0
0 0 2 0 2 0 0 2 0 4 5 0 0 0 0 4
0 0 0 0 3 0 0 0 5 0 0 5 0 0 4 0
0 0 2 2 5 1 0 0 0 0 0 0 5 0 0 0
0 0 0 0 0 0 0 0 5 0 0 0 0 5 5 0
4 0 0 0 0 0 0 1 0 0 0 0 0 0 5 0
0 0 0 0 0 4 0 0 0 3 0 0 0 0 0 5
5 0 3 0 0 0 0 0 0 0 0 0 1 0 0 0
0 5 0 0 0 0 0 0 0 0 0 0 0 0 0 0
5 0 5 0 3 0 0 0 0 0 0 0 0 0 0 4
5 0 0 5 0 0 0 0 0 0 0 0 0 0 0 1
0 0 0 0 5 0 0 0 0 0 0 0 0 0 0 0
0 0 0 0 0 5 0 0 0 0 0 0 0 0 0 0
0 0 0 0 0 0 5 0 0 0 0 0 0 0 0 0
0 5 5 0 0 0 0 5 0 0 3 0 0 2 0 0
0 0 0 3 0 0 0 2 5 0 0 0 0 0 0 0
0 3 2 0 0 0 0 0 0 5 0 0 0 0 0 0
0 0 0 0 0 0 0 0 0 0 5 0 0 0 0 0
0 0 2 0 5 0 0 0 0 4 0 5 0 0 0 0
0 0 0 0 0 0 0 1 0 0 0 1 5 0 0 0
0 0 0 0 0 0 0 0 0 0 0 0 0 5 0 0
1 0 0 0 0 3 0 0 0 0 0 0 0 0 5 0
0 0 0 0 0 0 0 0 0 0 0 5 0 0 4 5
5 0 0 4 0 0 5 0 0 1 0 0 0 0 0 0
0 5 0 0 0 1 0 5 3 0 0 0 0 0 0 3
0 5 5 4 0 0 2 0 3 0 0 3 0 0 0 0
0 0 0 5 0 0 2 0 0 0 0 5 0 0 0 0
0 0 5 5 5 0 0 0 0 0 2 0 0 0 0 0
0 0 0 0 0 5 4 0 0 4 3 0 4 0 0 5
0 0 0 0 0 0 5 0 0 3 4 0 1 0 0 0
0 0 0 0 0 0 5 5 4 3 0 3 0 0 0 3
0 0 0 0 0 0 0 0 5 0 0 0 0 0 0 0
5 0 0 0 0 1 0 0 0 5 5 0 0 1 0 0
0 0 0 2 0 0 1 2 0 0 5 0 0 0 0 0
0 0 5 0 0 0 0 4 0 0 3 5 0 0 0 0
0 0 0 0 0 0 0 0 0 0 0 0 5 0 0 0
0 0 0 0 0 2 0 0 0 0 0 0 0 5 0 4
0 0 0 0 0 0 0 5 0 0 0 3 0 0 5 0
0 0 0 0 0 0 0 0 0 0 0 0 0 0 0 5
5 0 0 0 0 0 0 0 0 0 0 0 0 0 0 0
0 5 0 0 0 0 0 5 2 0 0 0 0 0 0 0
0 0 5 0 0 0 0 0 5 0 0 0 0 3 0 0
0 0 0 5 0 0 0 0 3 0 5 0 2 0 0 0
0 0 0 0 5 0 0 0 0 0 0 0 0 0 0 0
0 0 0 0 0 5 0 0 0 0 0 0 0 0 0 0
0 0 0 0 0 0 5 0 0 0 0 1 0 0 0 3
2 0 0 0 0 0 0 5 1 0 0 0 0 0 4 0
0 0 0 0 0 0 0 0 5 0 0 0 0 0 0 0
0 0 0 0 0 1 0 4 0 5 0 0 5 2 5 0
0 0 0 0 0 0 3 0 0 0 5 0 5 0 1 2
0 0 0 0 0 0 0 0 0 0 0 5 0 0 0 0
0 0 0 0 0 0 0 0 0 0 0 0 5 0 0 0
0 0 0 0 0 0 0 0 0 0 0 0 0 5 0 0
0 0 0 0 1 0 1 0 2 0 0 0 0 0 5 0
0 0 0 0 0 0 0 0 0 0 0 0 0 0 0 5

9 9 5 6 7 5 7 6 9 8 10 5 7 7 6 7 10 8 8 9 8 9 7 10 6 10 6 7 10 6 8 12
7 5 2 4 7 2 1 3 2 2 3 4 6 3 3 2 4 6 4 4 3 7 6 4 1 5 5 1 5 4 4 3
5 3 7 12 5 8 4 2 4 6 4 5 5 9 5 7 7 6 7 3 5 2 2 5 5 9 4 4 4 4 8 2
7 7 5 7 5 5 7 5 2 9 7 10 9 3 9 8 6 7 6 6 6 6 4 6 8 7 10 6 3 7 7 9
4 2 9 3 6 8 11 9 5 6 6 7 3 8 6 6 3 4 4 2 6 4 4 6 6 4 7 7 4 6 2 4
5 7 6 6 6 5 2 7 6 8 5 4 6 7 6 6 6 5 3 6 6 5 7 6 4 7 6 6 5 7 10 9
8 7 6 8 8 6 7 7 9 5 7 10 5 5 5 2 6 7 5 8 4 6 9 11 11 10 8 8 9 6 15 13
9 9 6 7 6 3 4 6 7 3 6 8 8 7 6 10 8 6 8 5 4 6 7 4 10 5 7 9 6 7 7 8
9 6 4 6 4 8 5 3 5 9 7 10 11 9 7 11 8 8 5 7 8 10 10 8 8 9 9 6 4 7 8 7
5 7 4 3 5 4 6 3 2 3 3 1 2 1 2 3 2 4 3 6 3 4 5 4 7 5 9 2 2 8 3 4
8 15 9 11 8 10 9 6 10 8 8 5 10 7 9 4 4 9 10 9 7 7 6 6 7 5 7 8 15 11 8 10
6 8 9 3 6 3 7 6 5 5 8 6 5 9 7 9 10 6 8 7 4 6 4 9 9 5 5 7 7 7 5 7
9 7 10 9 9 8 6 6 8 8 6 7 9 6 6 7 6 9 9 7 11 9 9 10 6 9 5 7 9 9 9 5
4 3 7 3 5 3 7 5 6 7 6 6 6 5 3 6 7 5 5 6 7 7 6 4 5 5 7 7 7 5 4 5
9 5 6 0 2 2 6 3 6 3 4 8 8 7 13 6 8 7 11 5 6 5 5 5 4 8 4 8 9 7 7 11
12 11 11 10 5 16 13 13 11 10 11 7 7 9 6 9 8 7 10 10 12 8 10 7 6 4 9 9 7 9 9 9
