128
16
32
4
5

0 32
0 32
0 32
0 32
0 32
0 32
0 32
0 32
0 32
0 32
0 32
0 32
0 32
0 32
0 32
0 32
0 32
0 32
0 32
0 32
0 32
0 32
0 32
0 32
0 32
0 32
0 32
0 32
0 32
0 32
0 32
0 32
0 32
0 32
0 32
0 32
0 32
0 32
0 32
0 32
0 32
0 32
0 32
0 32
0 32
0 32
0 32
0 32
0 32
0 32
0 32
0 32
0 32
0 32
0 32
0 32
0 32
0 32
0 32
0 32
0 32
0 32
0 32
0 32
0 32
0 32
0 32
0 32
0 32
0 32
0 32
0 32
0 32
0 32
0 32
0 32
0 32
0 32
0 32
0 32
0 32
0 32
0 32
0 32
0 32
0 32
0 32
0 32
0 32
0 32
0 32
0 32
0 32
0 32
0 32
0 32
0 32
0 32
0 32
0 32
0 32
0 32
0 32
0 32
0 32
0 32
0 32
0 32
0 32
0 32
0 32
0 32
0 32
0 32
0 32
0 32
0 32
0 32
0 32
0 32
0 32
0 32
0 32
0 32
0 32
0 32
0 32
0 32

0 32
0 32
0 32
0 32
0 32
0 32
0 32
0 32
0 32
0 32
0 32
0 32
0 32
0 32
0 32
0 32
0 32
0 32
0 32
0 32
0 32
0 32
0 32
0 32
0 32
0 32
0 32
0 32
0 32
0 32
0 32
0 32
0 32
0 32
0 32
0 32
0 32
0 32
0 32
0 32
0 32
0 32
0 32
0 32
0 32
0 32
0 32
0 32
0 32
0 32
0 32
0 32
0 32
0 32
0 32
0 32
0 32
0 32
0 32
0 32
0 32
0 32
0 32
0 32
0 32
0 32
0 32
0 32
0 32
0 32
0 32
0 32
0 32
0 32
0 32
0 32
0 32
0 32
0 32
0 32
0 32
0 32
0 32
0 32
0 32
0 32
0 32
0 32
0 32
0 32
0 32
0 32
0 32
0 32
0 32
0 32
0 32
0 32
0 32
0 32
0 32
0 32
0 32
0 32
0 32
0 32
0 32
0 32
0 32
0 32
0 32
0 32
0 32
0 32
0 32
0 32
0 32
0 32
0 32
0 32
0 32
0 32
0 32
0 32
0 32
0 32
0 32
0 32

16 32
16 32
16 32
16 32
16 32
16 32
16 32
16 32
16 32
16 32
16 32
16 32
16 32
16 32
16 32
16 32
16 32
16 32
16 32
16 32
16 32
16 32
16 32
16 32
16 32
16 32
16 32
16 32
16 32
16 32
16 32
16 32
16 32
16 32
16 32
16 32
16 32
16 32
16 32
16 32
16 32
16 32
16 32
16 32
16 32
16 32
16 32
16 32
16 32
16 32
16 32
16 32
16 32
16 32
16 32
16 32
16 32
16 32
16 32
16 32
16 32
16 32
16 32
16 32
16 32
16 32
16 32
16 32
16 32
16 32
16 32
16 32
16 32
16 32
16 32
16 32
16 32
16 32
16 32
16 32
16 32
16 32
16 32
16 32
16 32
16 32
16 32
16 32
16 32
16 32
16 32
16 32
16 32
16 32
16 32
16 32
16 32
16 32
16 32
16 32
16 32
16 32
16 32
16 32
16 32
16 32
16 32
16 32
16 32
16 32
16 32
16 32
16 32
16 32
16 32
16 32
16 32
16 32
16 32
16 32
16 32
16 32
16 32
16 32
16 32
16 32
16 32
16 32

5 3 0 3 0 0 0 0 0 0 0 0 2 1 0 0
0 5 0 2 0 0 0 0 0 0 0 0 0 5 0 0
0 0 5 0 0 0 0 2 0 0 0 0 1 0 0 0
0 0 0 5 0 0 0 0 0 0 0 0 0 0 0 0
0 0 0 0 5 0 0 0 0 0 0 0 0 0 0 0
0 0 0 4 5 5 0 0 5 0 0 0 0 0 0 0
3 0 0 0 0 2 5 0 0 5 2 0 0 0 0 0
0 1 0 0 0 0 4 5 0 3 0 0 0 5 4 0
4 3 1 0 0 0 0 3 5 5 0 0 0 0 0 0
0 0 0 0 0 0 0 0 0 5 0 0 0 0 0 0
0 1 0 0 0 0 0 0 0 0 5 0 1 2 2 0
3 0 3 0 5 0 0 0 0 0 0 5 4 0 0 0
0 5 1 0 0 0 0 0 0 0 2 0 5 0 2 0
0 0 0 0 0 0 0 0 0 0 0 0 0 5 0 0
0 0 0 0 0 0 0 1 5 0 0 0 2 0 5 0
0 0 0 0 0 0 0 3 0 0 2 0 0 0 0 5
5 0 0 5 0 0 0 0 3 0 5 0 0 2 5 0
2 5 0 0 0 0 0 0 0 0 4 0 0 0 0 0
0 0 5 0 0 0 0 0 3 0 0 0 5 0 2 0
0 0 0 5 0 0 0 0 1 0 0 0 5 0 0 4
0 0 0 3 5 0 0 0 0 0 0 0 2 0 2 4
0 0 0 0 0 5 3 0 0 0 1 0 4 4 0 0
0 0 0 0 0 0 5 1 0 4 0 0 2 0 0 0
0 0 0 4 0 0 0 5 0 0 0 3 0 0 0 0
0 0 0 5 0 4 0 0 5 4 0 0 3 0 0 4
0 0 0 0 0 0 0 0 0 5 0 0 0 0 0 0
0 0 0 0 0 0 0 0 2 0 5 0 0 0 0 0
0 0 0 0 0 0 0 2 0 0 0 5 4 0 0 0
0 0 0 0 0 0 0 0 0 0 2 0 5 0 0 0
2 0 0 5 0 0 2 0 0 0 3 0 0 5 0 0
0 0 0 0 0 2 0 0 0 0 0 0 0 3 5 0
0 0 0 0 0 0 0 0 0 0 0 3 0 0 5 5
5 0 0 0 2 0 0 0 0 0 0 0 0 0 0 1
0 5 2 0 1 0 3 0 3 0 0 0 1 0 0 0
0 0 5 0 0 5 0 0 0 0 2 0 0 0 0 0
0 0 0 5 0 0 0 0 0 0 0 0 0 0 0 0
0 0 0 0 5 0 0 0 0 0 0 0 0 0 0 0
0 0 0 0 0 5 0 0 0 0 0 0 0 0 0 0
0 0 0 0 0 0 5 0 0 0 0 0 0 0 0 0
3 0 0 0 0 0 0 5 0 1 0 0 0 4 0 0
0 0 0 0 0 0 0 0 5 0 0 0 0 0 0 0
0 0 0 0 0 0 0 0 0 5 0 0 0 0 0 0
0 0 0 4 0 0 2 0 3 1 5 0 0 0 0 0
0 0 0 0 0 0 0 5 2 0 1 5 0 0 0 0
0 0 0 0 0 0 1 0 0 1 0 0 5 0 0 0
0 0 0 0 0 0 0 0 0 0 0 0 0 5 0 0
1 0 0 0 0 0 0 0 0 0 0 0 0 0 5 2
0 0 0 0 0 0 0 0 0 0 0 0 0 0 0 5
5 4 4 0 3 0 0 0 0 0 0 0 0 0 0 0
0 5 0 0 0 0 0 0 0 0 0 0 0 0 0 0
0 0 5 0 0 0 0 0 0 3 0 0 0 0 4 0
0 0 0 5 0 0 0 0 0 0 0 0 0 0 0 0
5 0 0 0 5 2 0 0 3 0 0 0 0 1 0 0
3 2 0 1 0 5 0 0 0 0 0 4 0 0 0 0
0 0 0 0 0 0 5 3 5 0 0 0 0 4 0 0
0 0 0 0 0 0 0 5 0 0 0 0 0 0 0 0
0 4 0 4 0 0 0 4 5 0 0 0 0 0 0 0
0 0 2 0 0 0 0 0 0 5 0 1 0 0 0 0
0 0 0 0 0 0 0 0 0 0 5 0 0 0 0 0
0 0 0 0 0 0 0 0 4 0 0 5 1 0 0 3
0 0 0 0 0 0 5 0 0 0 0 0 5 0 0 1
0 0 0 0 4 0 0 0 1 0 0 0 3 5 0 0
0 0 0 0 0 0 0 2 0 5 5 0 3 0 5 0
0 0 0 0 5 0 0 4 0 0 0 0 0 0 0 5
5 0 0 0 0 0 2 0 1 0 0 0 0 0 0 0
0 5 0 0 0 0 0 0 0 0 0 0 0 0 0 0
0 0 5 0 0 0 0 0 0 0 0 0 0 0 0 0
0 0 0 5 1 1 0 0 0 0 0 0 0 0 0 2
0 0 0 3 5 5 0 0 0 1 0 0 0 2 0 0
0 0 0 0 0 5 0 0 0 0 0 0 0 0 0 0
0 0 0 0 0 0 5 0 0 0 0 0 0 0 0 0
1 0 0 0 4 0 5 5 0 0 0 0 0 0 0 0
0 0 0 0 0 0 0 0 5 0 0 3 0 0 1 4
0 0 0 0 0 0 0 0 0 5 0 0 0 0 0 0
0 0 0 0 0 0 0 0 0 0 5 0 0 0 0 0
0 0 0 0 0 0 0 0 0 0 0 5 0 0 0 0
3 1 2 0 0 0 0 0 0 0 0 0 5 5 0 0
0 0 3 4 0 2 0 0 0 0 0 0 0 5 0 0
3 0 4 0 0 0 5 0 0 0 0 0 1 0 5 0
0 0 0 0 0 0 4 0 0 0 0 3 0 0 1 5
5 2 0 0 0 4 0 0 0 0 0 0 0 0 3 0
0 5 0 0 0 0 0 0 0 0 0 0 0 0 0 0
0 0 5 3 0 0 4 4 0 0 0 0 0 0 1 0
3 4 0 5 3 0 1 0 0 0 0 0 0 0 0 0
0 0 0 0 5 0 0 0 0 0 0 0 0 0 0 0
0 0 1 0 1 5 2 0 0 3 0 0 0 4 0 0
0 0 5 0 5 3 5 0 0 0 0 0 0 0 1 0
0 0 3 0 0 0 0 5 0 0 0 5 5 0 0 0
0 0 0 0 0 4 1 0 5 0 0 0 0 0 0 0
0 0 0 0 0 0 0 0 0 5 0 0 0 0 0 0
0 0 0 0 0 0 0 0 0 0 5 0 0 0 0 0
0 0 0 0 0 0 0 0 0 0 0 5 0 0 0 0
0 0 0 0 0 0 0 0 0 0 0 0 5 0 0 0
4 0 0 0 4 0 0 4 0 0 3 0 0 5 0 0
0 0 0 0 0 0 0 0 0 2 0 5 0 0 5 0
0 0 0 0 0 0 0 0 0 0 0 0 0 0 0 5
5 0 0 0 0 0 0 0 1 0 0 5 0 1 0 0
0 5 0 0 0 0 0 0 0 0 0 5 3 0 0 0
0 0 5 0 0 0 0 0 0 2 5 0 3 0 0 0
0 0 0 5 1 0 2 0 0 0 0 2 0 0 0 3
0 0 2 0 5 2 0 0 0 5 0 0 0 0 2 0
0 0 0 0 0 5 0 0 0 0 0 0 0 0 0 0
2 0 0 0 0 0 5 0 0 0 0 0 1 0 5 0
0 0 0 0 0 0 0 5 0 0 0 0 0 0 0 0
0 0 0 0 0 0 0 0 5 0 0 0 0 0 0 0
0 0 0 0 0 0 0 0 0 5 0 0 0 0 0 0
0 0 0 5 0 5 0 0 0 0 5 0 3 0 0 0
0 0 0 3 0 0 0 0 0 0 0 5 0 0 0 0
3 0 0 0 3 0 0 4 0 0 0 0 5 0 3 0
0 0 0 5 0 0 0 0 4 0 0 0 0 5 0 0
0 0 4 0 0 0 0 0 2 0 0 2 0 0 5 0
0 0 4 0 1 0 0 4 0 0 0 0 0 4 0 5
5 0 0 0 0 0 0 0 0 0 2 5 2 0 0 0
0 5 4 1 0 0 0 0 2 0 0 0 0 0 0 0
0 0 5 0 0 0 0 0 0 0 0 0 0 0 0 0
0 0 0 5 0 0 0 1 0 0 0 4 0 0 1 0
0 0 0 0 5 0 0 0 0 0 4 0 0 1 5 0
0 4 0 3 5 5 0 0 0 0 0 0 4 0 0 0
0 0 0 0 0 0 5 0 0 0 0 0 0 0 0 0
4 0 2 0 0 0 0 5 0 0 0 5 1 0 0 0
0 2 0 0 0 0 0 5 5 0 0 0 0 0 0 2
4 0 1 1 0 0 0 0 0 5 0 0 0 0 0 4
0 2 0 3 0 0 3 0 0 0 5 0 0 4 0 0
0 0 4 0 0 0 4 0 0 0 0 5 0 4 0 0
0 1 0 0 0 0 0 0 2 1 0 0 5 5 0 0
0 0 0 0 0 0 0 0 0 0 0 0 0 5 0 0
2 0 0 0 0 0 0 0 0 0 0 0 0 1 5 5
0 0 0 2 0 0 0 0 0 0 0 2 0 3 2 5

6 3 6 4 6 1 6 5 3 6 9 7 6 6 4 9 11 5 7 4 7 3 2 5 6 2 4 3 5 7 5 7
8 6 5 6 7 7 3 4 3 5 6 3 6 3 5 6 7 5 5 4 6 9 8 7 11 10 11 8 5 9 6 10
7 9 6 7 6 9 8 5 8 7 7 9 6 7 8 5 5 8 4 6 9 5 6 4 5 9 7 9 9 7 5 6
6 7 9 7 6 6 8 4 8 10 4 9 10 7 7 10 10 9 5 8 7 13 6 11 6 10 5 7 9 6 8 6
4 5 7 5 7 4 5 7 8 6 6 7 7 9 8 6 7 8 10 10 5 5 11 7 7 8 8 10 8 7 8 7
4 6 9 5 7 3 4 5 3 9 2 4 3 5 5 4 10 3 7 6 5 4 6 6 5 5 8 7 7 4 4 7
11 9 7 6 7 5 10 5 6 5 7 4 5 9 9 9 8 10 8 6 7 9 9 10 7 6 8 9 8 7 9 7
6 2 7 5 6 6 7 6 7 11 9 6 8 8 2 3 5 2 8 5 4 7 5 6 7 6 7 6 8 5 9 9
5 5 5 8 5 11 3 8 4 8 3 7 6 7 8 6 5 8 10 7 8 5 7 4 3 5 7 9 6 7 10 9
8 7 8 6 5 10 7 10 10 8 8 9 7 8 8 11 4 5 7 8 10 8 9 8 10 8 8 8 8 9 9 9
6 11 10 5 8 8 5 6 9 6 10 3 9 4 5 5 2 7 9 8 6 5 7 8 7 6 7 9 5 6 12 5
9 5 7 5 6 6 6 7 5 6 7 7 7 9 6 8 9 4 8 8 8 7 8 12 6 5 3 6 9 12 9 10
10 6 2 8 6 4 11 9 7 5 5 6 9 8 11 2 9 7 6 10 3 11 6 7 8 8 8 6 8 12 9 5
9 7 6 8 9 14 9 10 8 5 8 5 7 9 6 10 2 7 7 9 8 7 13 6 7 7 5 6 9 10 9 11
7 11 5 9 4 4 8 7 9 6 6 10 4 7 6 5 2 11 4 4 6 5 5 6 2 7 6 2 5 7 3 7
10 9 8 4 5 6 6 6 7 5 11 10 7 4 4 8 8 5 4 2 5 5 3 4 3 4 3 5 4 3 5 7
