64
2
32
4
5

0 32
0 32
0 32
0 32
0 32
0 32
0 32
0 32
0 32
0 32
0 32
0 32
0 32
0 32
0 32
0 32
0 32
0 32
0 32
0 32
0 32
0 32
0 32
0 32
0 32
0 32
0 32
0 32
0 32
0 32
0 32
0 32
0 32
0 32
0 32
0 32
0 32
0 32
0 32
0 32
0 32
0 32
0 32
0 32
0 32
0 32
0 32
0 32
0 32
0 32
0 32
0 32
0 32
0 32
0 32
0 32
0 32
0 32
0 32
0 32
0 32
0 32
0 32
0 32

0 32
0 32
0 32
0 32
0 32
0 32
0 32
0 32
0 32
0 32
0 32
0 32
0 32
0 32
0 32
0 32
0 32
0 32
0 32
0 32
0 32
0 32
0 32
0 32
0 32
0 32
0 32
0 32
0 32
0 32
0 32
0 32
0 32
0 32
0 32
0 32
0 32
0 32
0 32
0 32
0 32
0 32
0 32
0 32
0 32
0 32
0 32
0 32
0 32
0 32
0 32
0 32
0 32
0 32
0 32
0 32
0 32
0 32
0 32
0 32
0 32
0 32
0 32
0 32

16 32
16 32
16 32
16 32
16 32
16 32
16 32
16 32
16 32
16 32
16 32
16 32
16 32
16 32
16 32
16 32
16 32
16 32
16 32
16 32
16 32
16 32
16 32
16 32
16 32
16 32
16 32
16 32
16 32
16 32
16 32
16 32
16 32
16 32
16 32
16 32
16 32
16 32
16 32
16 32
16 32
16 32
16 32
16 32
16 32
16 32
16 32
16 32
16 32
16 32
16 32
16 32
16 32
16 32
16 32
16 32
16 32
16 32
16 32
16 32
16 32
16 32
16 32
16 32

5 2
0 5
5 5
0 5
5 2
1 5
5 1
0 5
5 4
3 5
5 4
0 5
5 1
1 5
5 0
3 5
5 0
4 5
5 0
0 5
5 4
0 5
5 1
5 5
5 0
0 5
5 2
0 5
5 0
3 5
5 4
4 5
5 5
2 5
5 3
5 5
5 1
1 5
5 1
0 5
5 1
0 5
5 1
5 5
5 0
0 5
5 1
3 5
5 0
0 5
5 5
3 5
5 4
1 5
5 5
0 5
5 0
4 5
5 0
0 5
5 3
0 5
5 0
3 5

30 30 26 24 24 22 26 28 26 21 24 24 20 26 22 26 26 24 23 33 29 27 25 29 22 20 25 24 25 30 32 31
32 28 30 31 28 34 27 25 31 31 32 27 28 27 29 30 30 35 37 27 32 33 30 26 30 29 29 27 32 31 31 33
