128
16
32
4
5

0 32
0 32
0 32
0 32
0 32
0 32
0 32
0 32
0 32
0 32
0 32
0 32
0 32
0 32
0 32
0 32
0 32
0 32
0 32
0 32
0 32
0 32
0 32
0 32
0 32
0 32
0 32
0 32
0 32
0 32
0 32
0 32
0 32
0 32
0 32
0 32
0 32
0 32
0 32
0 32
0 32
0 32
0 32
0 32
0 32
0 32
0 32
0 32
0 32
0 32
0 32
0 32
0 32
0 32
0 32
0 32
0 32
0 32
0 32
0 32
0 32
0 32
0 32
0 32
0 32
0 32
0 32
0 32
0 32
0 32
0 32
0 32
0 32
0 32
0 32
0 32
0 32
0 32
0 32
0 32
0 32
0 32
0 32
0 32
0 32
0 32
0 32
0 32
0 32
0 32
0 32
0 32
0 32
0 32
0 32
0 32
0 32
0 32
0 32
0 32
0 32
0 32
0 32
0 32
0 32
0 32
0 32
0 32
0 32
0 32
0 32
0 32
0 32
0 32
0 32
0 32
0 32
0 32
0 32
0 32
0 32
0 32
0 32
0 32
0 32
0 32
0 32
0 32

0 32
0 32
0 32
0 32
0 32
0 32
0 32
0 32
0 32
0 32
0 32
0 32
0 32
0 32
0 32
0 32
0 32
0 32
0 32
0 32
0 32
0 32
0 32
0 32
0 32
0 32
0 32
0 32
0 32
0 32
0 32
0 32
0 32
0 32
0 32
0 32
0 32
0 32
0 32
0 32
0 32
0 32
0 32
0 32
0 32
0 32
0 32
0 32
0 32
0 32
0 32
0 32
0 32
0 32
0 32
0 32
0 32
0 32
0 32
0 32
0 32
0 32
0 32
0 32
0 32
0 32
0 32
0 32
0 32
0 32
0 32
0 32
0 32
0 32
0 32
0 32
0 32
0 32
0 32
0 32
0 32
0 32
0 32
0 32
0 32
0 32
0 32
0 32
0 32
0 32
0 32
0 32
0 32
0 32
0 32
0 32
0 32
0 32
0 32
0 32
0 32
0 32
0 32
0 32
0 32
0 32
0 32
0 32
0 32
0 32
0 32
0 32
0 32
0 32
0 32
0 32
0 32
0 32
0 32
0 32
0 32
0 32
0 32
0 32
0 32
0 32
0 32
0 32

16 32
16 32
16 32
16 32
16 32
16 32
16 32
16 32
16 32
16 32
16 32
16 32
16 32
16 32
16 32
16 32
16 32
16 32
16 32
16 32
16 32
16 32
16 32
16 32
16 32
16 32
16 32
16 32
16 32
16 32
16 32
16 32
16 32
16 32
16 32
16 32
16 32
16 32
16 32
16 32
16 32
16 32
16 32
16 32
16 32
16 32
16 32
16 32
16 32
16 32
16 32
16 32
16 32
16 32
16 32
16 32
16 32
16 32
16 32
16 32
16 32
16 32
16 32
16 32
16 32
16 32
16 32
16 32
16 32
16 32
16 32
16 32
16 32
16 32
16 32
16 32
16 32
16 32
16 32
16 32
16 32
16 32
16 32
16 32
16 32
16 32
16 32
16 32
16 32
16 32
16 32
16 32
16 32
16 32
16 32
16 32
16 32
16 32
16 32
16 32
16 32
16 32
16 32
16 32
16 32
16 32
16 32
16 32
16 32
16 32
16 32
16 32
16 32
16 32
16 32
16 32
16 32
16 32
16 32
16 32
16 32
16 32
16 32
16 32
16 32
16 32
16 32
16 32

5 0 0 0 0 0 0 0 0 0 0 0 3 3 0 0
0 5 0 0 0 0 0 0 0 0 2 1 0 0 0 5
0 0 5 0 0 0 0 0 1 0 0 0 0 3 4 0
0 0 0 5 0 0 0 0 0 0 0 0 0 0 0 0
0 1 0 0 5 1 0 5 0 1 0 2 0 0 0 0
0 0 0 0 4 5 3 0 0 0 0 0 0 0 0 0
0 0 0 0 3 4 5 0 0 0 0 2 0 0 0 0
0 0 0 0 0 0 0 5 0 0 0 0 0 0 0 0
2 0 2 0 0 0 0 0 5 4 0 4 2 0 0 0
0 0 0 5 0 0 0 0 0 5 0 2 5 0 0 1
2 0 5 0 0 0 0 0 0 0 5 0 0 0 0 0
3 0 0 0 0 0 0 1 0 0 0 5 0 0 0 0
0 0 1 5 2 0 4 0 0 0 0 0 5 0 0 0
0 1 5 0 4 0 0 0 0 0 0 0 2 5 0 5
0 0 0 0 0 0 0 0 0 0 0 0 0 3 5 0
0 0 0 5 0 0 0 0 0 0 1 0 3 0 0 5
5 0 0 0 0 0 0 0 0 0 0 0 0 0 0 0
0 5 0 0 0 0 0 0 0 0 0 0 0 0 0 0
0 0 5 0 0 0 0 0 0 0 0 0 0 0 0 0
0 0 0 5 0 0 0 0 0 0 0 0 0 0 0 0
0 0 0 0 5 0 0 0 0 0 0 0 0 0 0 0
0 0 0 0 0 5 0 0 0 0 0 0 0 0 0 0
0 0 5 0 0 3 5 0 0 0 0 0 0 0 0 0
0 0 0 2 0 0 3 5 0 0 0 0 0 0 2 0
0 0 0 0 0 0 0 0 5 0 0 0 0 0 0 0
0 0 0 0 0 0 0 0 0 5 0 0 0 0 0 0
4 0 0 0 0 0 0 0 1 0 5 0 0 0 0 0
0 0 0 0 0 0 0 0 0 0 0 5 0 0 0 0
0 0 0 0 0 0 0 0 0 0 0 0 5 0 0 0
0 0 0 0 0 0 0 0 0 0 0 0 0 5 0 0
0 0 0 1 0 1 0 3 0 0 3 0 0 0 5 0
5 0 3 0 1 0 0 3 0 0 0 0 0 0 0 5
5 0 0 0 0 0 0 0 0 0 0 0 0 0 0 0
0 5 0 0 0 0 0 0 0 0 0 0 0 0 0 0
0 2 5 0 1 0 0 0 0 0 0 0 0 5 0 0
0 2 0 5 1 0 0 0 0 0 0 0 2 0 3 0
0 0 0 0 5 1 1 0 0 0 0 0 0 0 0 0
0 0 0 0 0 5 0 0 0 0 0 0 0 0 0 0
0 0 0 0 0 0 5 3 0 5 0 0 0 0 0 0
0 0 0 0 1 0 0 5 0 0 4 0 0 0 0 0
0 0 0 3 0 0 0 0 5 5 0 0 0 0 0 0
0 0 0 1 0 0 0 0 0 5 0 0 3 0 0 0
0 0 0 0 0 0 0 0 0 0 5 0 0 0 0 0
0 0 0 0 0 4 0 3 0 0 0 5 0 0 0 0
0 0 0 0 0 0 0 0 0 0 0 0 5 0 0 0
0 0 0 0 0 0 0 0 0 0 0 0 0 5 0 0
5 0 0 0 0 0 3 0 0 0 0 0 2 0 5 0
0 0 0 3 0 0 0 0 0 0 0 3 0 0 0 5
5 0 0 4 0 0 0 0 0 0 0 0 2 0 0 0
0 5 0 1 0 0 0 0 0 0 0 3 0 0 0 2
0 0 5 0 0 0 0 1 4 0 0 0 0 0 0 0
0 0 0 5 0 0 0 0 0 0 0 0 0 0 0 0
4 0 0 0 5 0 0 3 0 2 0 0 0 0 0 0
0 0 0 0 0 5 0 0 0 0 0 1 0 0 0 0
0 2 0 0 0 0 5 3 0 0 0 0 0 0 0 0
0 0 2 0 0 0 5 5 0 0 0 0 4 4 0 0
0 0 0 0 0 0 0 0 5 0 0 0 0 0 0 0
0 0 0 0 0 0 0 0 1 5 0 0 5 0 4 0
0 0 3 0 0 0 0 0 0 0 5 0 0 1 0 0
0 0 0 0 0 0 0 0 0 0 0 5 0 0 0 0
0 0 0 3 0 0 0 0 0 0 2 2 5 1 0 0
0 0 5 0 1 0 0 2 0 0 0 0 0 5 0 0
0 3 0 0 0 5 0 0 0 0 0 0 0 0 5 3
0 0 0 0 0 0 0 0 0 0 0 0 0 0 0 5
5 0 0 0 0 0 0 0 0 0 0 0 0 0 0 0
0 5 0 0 0 0 0 0 0 5 0 0 3 0 0 4
0 0 5 0 0 0 0 0 0 0 0 0 0 0 0 0
0 0 5 5 0 0 0 0 4 0 0 0 0 0 0 0
0 0 0 0 5 0 0 0 0 0 0 0 0 0 0 0
0 0 4 0 4 5 0 0 3 0 0 0 0 0 0 0
0 0 0 0 0 3 5 2 0 0 5 4 0 0 4 0
0 0 0 0 0 0 0 5 0 0 0 0 0 0 0 0
5 0 0 0 0 0 0 0 5 0 4 0 0 1 0 0
2 3 0 0 0 3 0 0 0 5 0 0 1 0 0 0
0 1 3 0 0 0 0 0 0 0 5 0 0 0 1 0
0 0 0 0 0 0 0 2 0 0 0 5 0 0 0 2
0 0 5 0 0 0 0 4 5 0 4 0 5 0 0 0
0 2 0 0 0 3 0 0 0 0 2 2 0 5 5 0
0 0 0 2 0 0 0 0 0 0 0 5 0 0 5 0
0 0 0 0 4 0 0 1 0 0 0 0 0 0 0 5
5 0 0 0 0 0 0 0 0 0 0 0 0 0 0 0
0 5 0 0 1 0 2 0 0 0 0 0 5 0 0 0
5 0 5 0 0 4 0 0 0 1 0 0 0 0 0 0
0 0 5 5 0 0 3 0 0 0 3 0 0 0 0 3
0 0 0 0 5 0 0 0 0 0 5 1 0 0 0 2
0 0 0 0 0 5 0 0 0 0 0 0 0 1 0 0
0 0 5 1 0 0 5 0 0 0 4 0 3 0 0 3
0 0 4 0 0 0 0 5 0 0 0 0 0 0 0 5
0 0 0 0 0 0 0 0 5 0 0 0 0 0 0 0
0 5 0 0 0 0 0 0 5 5 3 0 0 0 0 0
0 0 0 0 0 0 0 0 0 0 5 0 4 0 0 5
0 0 0 0 0 0 1 4 0 0 0 5 4 0 0 0
0 0 0 0 0 0 0 0 0 0 0 0 5 0 0 0
0 0 0 0 0 0 0 0 0 0 0 0 0 5 0 0
0 0 3 0 0 0 0 0 0 0 0 0 0 0 5 4
0 0 0 0 0 0 0 0 0 0 0 0 0 0 0 5
5 0 0 0 2 0 0 3 0 0 0 0 3 0 0 0
0 5 0 3 2 0 0 0 0 0 0 0 0 0 3 0
0 0 5 0 0 0 0 0 0 0 0 0 0 0 0 0
0 0 3 5 0 0 0 0 0 0 0 0 0 0 3 0
0 0 0 0 5 0 0 0 0 0 0 0 0 0 0 0
0 5 0 0 0 5 0 3 0 0 0 0 0 3 0 0
0 0 0 0 0 0 5 1 0 2 0 0 0 0 0 0
0 0 0 0 0 0 0 5 0 0 0 0 0 0 0 0
0 0 0 0 0 0 0 3 5 2 0 0 0 3 4 0
0 0 0 0 0 0 0 0 3 5 0 0 5 3 0 0
3 0 0 0 0 0 0 0 0 0 5 0 0 0 5 1
0 0 0 0 0 0 0 0 0 0 0 5 0 0 0 0
0 0 0 0 0 0 0 0 0 0 0 0 5 0 0 0
0 0 0 0 0 3 0 0 0 0 0 0 0 5 0 4
3 0 1 5 0 0 0 0 0 0 5 0 0 0 5 0
5 1 0 0 0 1 0 3 0 0 0 0 0 0 0 5
5 0 0 0 0 0 0 0 0 0 0 0 0 0 0 0
0 5 0 0 0 0 0 0 0 0 0 0 0 0 0 0
0 0 5 0 0 0 0 0 0 1 4 0 0 0 0 0
0 0 0 5 0 0 0 0 0 0 0 0 0 0 0 0
0 0 0 0 5 0 0 0 0 0 0 0 0 0 0 0
0 0 0 0 0 5 0 0 0 0 0 0 0 0 0 0
0 0 0 2 0 0 5 0 2 5 0 5 0 0 0 0
2 0 5 0 1 0 0 5 0 0 0 0 0 0 1 0
0 0 0 0 0 0 0 0 5 0 0 0 0 0 4 5
0 0 3 0 0 0 0 0 0 5 5 3 0 2 0 0
0 0 4 0 3 0 0 0 0 0 5 0 0 0 0 0
1 0 0 0 0 3 0 0 0 0 0 5 5 0 0 0
0 0 0 0 0 0 0 1 0 2 0 0 5 0 0 0
0 0 0 0 0 0 0 0 0 0 0 0 0 5 0 0
1 0 0 0 0 1 0 1 0 0 3 0 0 0 5 0
0 0 5 0 0 1 0 0 0 0 0 1 0 0 0 5

11 11 11 8 7 11 9 10 3 5 4 11 9 5 8 7 7 11 10 10 9 7 11 9 8 10 10 10 12 7 9 11
10 6 4 10 6 5 7 3 5 4 5 7 5 4 7 6 5 7 7 5 6 6 6 4 10 7 9 6 4 8 4 6
9 14 14 10 8 10 13 7 7 4 7 11 6 10 9 10 11 9 7 6 8 11 7 6 7 9 11 6 8 7 10 13
8 6 9 8 4 10 6 7 10 6 9 7 9 9 10 4 10 5 6 11 10 7 6 9 8 9 11 8 7 7 6 8
5 7 11 5 12 7 7 9 8 6 6 5 5 12 9 6 10 7 5 5 6 4 3 6 7 10 6 12 5 13 7 8
11 8 10 8 5 9 8 8 6 5 7 6 10 9 10 7 12 9 12 7 4 5 5 6 3 10 9 5 9 7 11 11
3 7 2 4 3 4 2 5 0 4 5 4 3 3 1 5 3 3 5 4 4 3 2 5 4 3 7 3 6 4 4 3
10 12 7 11 12 9 4 8 10 9 7 9 12 6 8 9 9 7 6 9 5 6 8 9 13 8 8 6 11 9 9 8
6 7 7 4 5 5 7 5 8 2 4 4 2 3 6 4 7 9 7 4 8 8 6 4 5 8 5 6 9 7 3 7
7 4 5 3 4 7 5 5 7 5 4 6 6 8 6 3 4 3 8 2 6 3 4 3 5 9 4 7 4 2 6 8
6 1 5 5 4 5 5 4 7 8 11 5 7 8 7 8 5 6 7 10 4 7 6 6 3 5 5 5 4 7 8 6
7 5 7 9 11 8 11 3 8 10 9 8 6 11 5 7 8 6 5 7 5 5 9 8 7 5 8 10 4 9 12 6
11 10 7 9 8 9 8 8 9 8 6 9 8 9 10 13 10 11 8 6 9 11 8 6 8 8 9 8 7 7 7 9
5 6 6 9 11 5 4 7 6 8 7 7 8 6 7 9 7 10 8 9 7 10 8 5 9 3 6 9 8 5 9 9
5 6 4 2 4 4 8 4 2 11 4 8 4 5 3 5 5 3 2 3 4 1 4 4 6 4 2 4 9 6 6 6
10 7 5 6 6 6 7 8 5 2 4 4 9 5 9 7 4 8 6 10 6 5 6 11 7 7 7 6 5 9 8 7
