64
2
32
4
5

0 32
0 32
0 32
0 32
0 32
0 32
0 32
0 32
0 32
0 32
0 32
0 32
0 32
0 32
0 32
0 32
0 32
0 32
0 32
0 32
0 32
0 32
0 32
0 32
0 32
0 32
0 32
0 32
0 32
0 32
0 32
0 32
0 32
0 32
0 32
0 32
0 32
0 32
0 32
0 32
0 32
0 32
0 32
0 32
0 32
0 32
0 32
0 32
0 32
0 32
0 32
0 32
0 32
0 32
0 32
0 32
0 32
0 32
0 32
0 32
0 32
0 32
0 32
0 32

0 32
0 32
0 32
0 32
0 32
0 32
0 32
0 32
0 32
0 32
0 32
0 32
0 32
0 32
0 32
0 32
0 32
0 32
0 32
0 32
0 32
0 32
0 32
0 32
0 32
0 32
0 32
0 32
0 32
0 32
0 32
0 32
0 32
0 32
0 32
0 32
0 32
0 32
0 32
0 32
0 32
0 32
0 32
0 32
0 32
0 32
0 32
0 32
0 32
0 32
0 32
0 32
0 32
0 32
0 32
0 32
0 32
0 32
0 32
0 32
0 32
0 32
0 32
0 32

16 32
16 32
16 32
16 32
16 32
16 32
16 32
16 32
16 32
16 32
16 32
16 32
16 32
16 32
16 32
16 32
16 32
16 32
16 32
16 32
16 32
16 32
16 32
16 32
16 32
16 32
16 32
16 32
16 32
16 32
16 32
16 32
16 32
16 32
16 32
16 32
16 32
16 32
16 32
16 32
16 32
16 32
16 32
16 32
16 32
16 32
16 32
16 32
16 32
16 32
16 32
16 32
16 32
16 32
16 32
16 32
16 32
16 32
16 32
16 32
16 32
16 32
16 32
16 32

5 0
0 5
5 5
5 5
5 1
3 5
5 0
0 5
5 0
5 5
5 5
5 5
5 5
0 5
5 3
2 5
5 3
5 5
5 0
0 5
5 0
0 5
5 0
0 5
5 1
4 5
5 5
0 5
5 4
0 5
5 0
0 5
5 1
5 5
5 0
5 5
5 1
0 5
5 4
3 5
5 2
1 5
5 0
4 5
5 1
2 5
5 0
0 5
5 5
4 5
5 5
0 5
5 0
3 5
5 0
5 5
5 2
3 5
5 2
0 5
5 2
1 5
5 0
0 5

32 31 28 30 32 27 29 34 27 25 31 26 26 24 30 33 27 30 30 25 27 28 28 29 23 24 29 26 28 32 29 36
29 28 30 26 25 31 25 23 23 30 19 25 27 29 24 20 26 28 30 34 29 23 23 23 29 24 24 27 28 28 33 28
