128
16
32
4
5

0 32
0 32
0 32
0 32
0 32
0 32
0 32
0 32
0 32
0 32
0 32
0 32
0 32
0 32
0 32
0 32
0 32
0 32
0 32
0 32
0 32
0 32
0 32
0 32
0 32
0 32
0 32
0 32
0 32
0 32
0 32
0 32
0 32
0 32
0 32
0 32
0 32
0 32
0 32
0 32
0 32
0 32
0 32
0 32
0 32
0 32
0 32
0 32
0 32
0 32
0 32
0 32
0 32
0 32
0 32
0 32
0 32
0 32
0 32
0 32
0 32
0 32
0 32
0 32
0 32
0 32
0 32
0 32
0 32
0 32
0 32
0 32
0 32
0 32
0 32
0 32
0 32
0 32
0 32
0 32
0 32
0 32
0 32
0 32
0 32
0 32
0 32
0 32
0 32
0 32
0 32
0 32
0 32
0 32
0 32
0 32
0 32
0 32
0 32
0 32
0 32
0 32
0 32
0 32
0 32
0 32
0 32
0 32
0 32
0 32
0 32
0 32
0 32
0 32
0 32
0 32
0 32
0 32
0 32
0 32
0 32
0 32
0 32
0 32
0 32
0 32
0 32
0 32

0 32
0 32
0 32
0 32
0 32
0 32
0 32
0 32
0 32
0 32
0 32
0 32
0 32
0 32
0 32
0 32
0 32
0 32
0 32
0 32
0 32
0 32
0 32
0 32
0 32
0 32
0 32
0 32
0 32
0 32
0 32
0 32
0 32
0 32
0 32
0 32
0 32
0 32
0 32
0 32
0 32
0 32
0 32
0 32
0 32
0 32
0 32
0 32
0 32
0 32
0 32
0 32
0 32
0 32
0 32
0 32
0 32
0 32
0 32
0 32
0 32
0 32
0 32
0 32
0 32
0 32
0 32
0 32
0 32
0 32
0 32
0 32
0 32
0 32
0 32
0 32
0 32
0 32
0 32
0 32
0 32
0 32
0 32
0 32
0 32
0 32
0 32
0 32
0 32
0 32
0 32
0 32
0 32
0 32
0 32
0 32
0 32
0 32
0 32
0 32
0 32
0 32
0 32
0 32
0 32
0 32
0 32
0 32
0 32
0 32
0 32
0 32
0 32
0 32
0 32
0 32
0 32
0 32
0 32
0 32
0 32
0 32
0 32
0 32
0 32
0 32
0 32
0 32

16 32
16 32
16 32
16 32
16 32
16 32
16 32
16 32
16 32
16 32
16 32
16 32
16 32
16 32
16 32
16 32
16 32
16 32
16 32
16 32
16 32
16 32
16 32
16 32
16 32
16 32
16 32
16 32
16 32
16 32
16 32
16 32
16 32
16 32
16 32
16 32
16 32
16 32
16 32
16 32
16 32
16 32
16 32
16 32
16 32
16 32
16 32
16 32
16 32
16 32
16 32
16 32
16 32
16 32
16 32
16 32
16 32
16 32
16 32
16 32
16 32
16 32
16 32
16 32
16 32
16 32
16 32
16 32
16 32
16 32
16 32
16 32
16 32
16 32
16 32
16 32
16 32
16 32
16 32
16 32
16 32
16 32
16 32
16 32
16 32
16 32
16 32
16 32
16 32
16 32
16 32
16 32
16 32
16 32
16 32
16 32
16 32
16 32
16 32
16 32
16 32
16 32
16 32
16 32
16 32
16 32
16 32
16 32
16 32
16 32
16 32
16 32
16 32
16 32
16 32
16 32
16 32
16 32
16 32
16 32
16 32
16 32
16 32
16 32
16 32
16 32
16 32
16 32

5 0 0 0 0 0 0 0 0 0 0 0 0 0 0 0
0 5 3 0 0 2 0 0 0 0 0 5 3 0 0 0
0 0 5 0 0 0 0 0 0 0 0 0 0 0 0 0
0 0 0 5 0 0 0 0 0 0 0 0 0 0 0 0
0 0 0 0 5 0 0 0 0 0 0 0 0 0 0 0
2 0 0 2 0 5 0 0 0 4 0 4 0 0 1 0
0 0 0 0 0 0 5 0 0 0 0 0 1 0 0 0
0 0 3 0 0 0 0 5 4 0 0 0 3 0 0 0
0 0 0 0 0 1 0 0 5 0 0 5 0 2 0 0
0 0 0 0 0 0 0 0 0 5 4 0 0 0 4 0
0 0 0 3 0 1 0 0 0 0 5 0 0 0 0 0
0 0 0 0 0 0 0 0 0 0 0 5 0 0 0 0
0 0 0 4 0 0 0 0 0 3 0 0 5 0 0 4
0 4 0 5 0 0 0 0 0 0 0 5 0 5 4 0
0 2 0 0 0 0 0 0 0 4 0 2 0 0 5 0
0 0 0 0 0 3 0 0 0 0 0 2 0 0 5 5
5 0 0 0 0 0 2 0 5 0 2 0 0 0 3 0
1 5 0 0 0 2 0 0 0 0 0 0 0 4 0 0
0 0 5 0 0 0 0 0 0 0 0 0 0 0 0 0
0 0 0 5 0 0 0 0 0 4 0 0 1 0 0 0
0 3 0 0 5 0 0 0 0 0 0 0 0 0 4 0
0 0 0 0 0 5 0 0 0 5 0 0 0 0 2 0
0 0 2 0 0 0 5 0 0 0 0 0 5 4 0 0
0 5 0 0 0 0 0 5 0 0 2 0 5 0 0 0
0 0 0 0 0 0 0 0 5 0 0 0 0 0 0 0
0 4 0 0 0 0 1 0 0 5 0 0 5 0 1 0
0 5 0 2 0 0 0 0 0 0 5 0 0 0 0 0
4 0 0 0 0 4 0 0 0 4 4 5 0 0 0 0
0 0 0 0 3 0 0 0 0 0 0 5 5 5 0 0
0 0 0 3 0 0 0 0 0 5 0 0 0 5 0 0
0 1 0 0 4 0 0 0 0 0 0 0 0 0 5 0
0 0 0 0 0 0 0 0 3 0 0 0 1 0 0 5
5 0 0 0 0 0 0 0 0 0 0 0 0 0 0 0
1 5 0 0 0 0 2 0 0 0 0 0 0 0 0 0
0 0 5 0 0 0 5 0 0 1 0 0 0 0 5 0
0 0 4 5 4 0 0 4 0 0 0 0 0 0 0 0
0 0 5 0 5 0 1 0 0 0 0 0 2 0 0 0
0 0 0 0 4 5 0 0 0 2 0 0 0 0 0 0
0 0 0 0 0 0 5 1 0 0 0 4 0 5 0 0
0 0 0 0 0 0 0 5 0 0 0 0 0 0 0 0
0 0 5 0 0 0 4 0 5 0 0 0 2 0 0 0
0 0 0 0 0 0 0 0 0 5 0 0 0 0 0 0
0 0 0 0 0 0 0 0 2 4 5 0 0 2 5 0
0 0 0 0 0 0 0 0 0 0 0 5 0 0 0 0
0 0 0 5 0 0 0 4 3 0 0 3 5 1 0 0
0 0 0 0 0 0 0 0 0 0 0 0 0 5 0 0
0 5 0 0 0 5 0 5 2 0 5 0 0 0 5 0
0 1 0 0 0 0 0 3 0 1 0 0 0 0 0 5
5 0 0 0 0 0 0 0 0 0 0 0 0 0 0 0
0 5 0 0 0 0 0 0 0 2 0 0 1 2 3 0
5 0 5 2 0 0 0 0 0 0 0 0 0 0 0 0
0 0 4 5 0 1 5 0 0 0 0 0 5 0 0 1
0 0 0 3 5 0 0 0 0 0 0 0 0 0 4 0
0 0 0 0 0 5 0 0 0 0 0 0 0 0 0 0
0 0 0 0 0 0 5 0 0 0 2 0 4 0 4 1
0 0 0 0 0 5 1 5 0 0 1 2 0 0 0 0
0 0 0 0 1 0 0 4 5 0 3 0 0 0 0 0
0 0 0 0 0 2 0 0 5 5 0 4 0 0 2 0
0 0 0 0 0 0 0 0 0 0 5 0 0 0 0 0
4 0 0 0 0 0 0 0 0 0 5 5 0 0 0 0
1 0 0 0 0 4 0 0 0 0 5 0 5 0 0 0
0 0 0 0 0 0 0 0 0 0 4 0 5 5 0 0
0 0 0 1 0 0 5 0 0 0 0 0 0 0 5 0
0 0 0 0 4 0 0 0 0 4 0 0 0 0 0 5
5 0 2 0 4 0 0 0 0 0 0 1 0 0 0 0
0 5 0 2 0 0 0 0 0 3 0 0 0 0 0 0
1 0 5 0 0 5 0 3 0 0 0 0 0 0 0 0
0 0 0 5 0 0 0 0 0 0 0 0 0 0 0 0
0 2 0 0 5 0 0 0 0 0 0 0 0 0 0 2
0 0 0 0 0 5 0 0 0 0 0 0 0 0 0 0
0 0 0 0 1 0 5 0 1 0 5 0 0 0 0 0
0 0 4 0 0 0 0 5 3 0 0 0 0 0 0 0
1 0 0 0 0 0 5 0 5 0 0 0 0 0 0 0
0 0 0 0 0 1 0 0 0 5 0 0 0 4 0 3
2 0 0 3 1 0 0 0 0 0 5 0 0 5 0 2
5 0 0 0 0 0 0 0 0 0 0 5 0 0 3 0
0 0 0 0 0 0 0 0 0 0 0 0 5 0 0 0
1 3 0 0 0 0 0 5 0 0 0 1 5 5 0 0
0 5 0 0 0 0 0 0 0 0 0 0 0 2 5 4
0 0 0 0 0 1 0 4 0 0 0 0 0 0 0 5
5 0 0 0 0 0 0 0 0 0 0 0 0 0 0 0
4 5 0 0 0 0 0 0 0 0 0 0 1 0 2 0
0 1 5 0 0 0 0 2 0 0 0 0 0 0 0 0
0 0 1 5 0 0 0 0 0 0 3 0 0 0 0 0
0 0 0 0 5 0 2 1 0 0 0 0 0 0 0 0
0 0 0 0 0 5 0 0 0 0 0 0 0 0 0 0
0 0 0 0 0 0 5 0 0 0 4 1 0 0 0 0
0 0 1 3 0 0 5 5 0 4 0 0 0 0 0 0
0 0 0 0 0 0 0 0 5 0 0 0 0 0 0 0
0 0 0 0 0 0 0 0 0 5 0 0 0 0 0 0
0 0 0 0 0 0 0 0 0 0 5 0 0 0 0 0
0 1 0 0 0 0 0 0 0 0 0 5 5 0 5 5
2 0 0 0 0 0 0 0 0 1 0 0 5 5 0 0
0 0 2 0 0 0 0 0 0 0 0 0 0 5 3 0
0 1 5 0 0 0 0 4 0 0 1 0 0 0 5 0
0 0 0 0 0 0 1 0 1 0 5 0 0 0 0 5
5 0 0 0 0 4 0 0 0 0 5 0 0 0 4 0
1 5 0 0 4 0 5 0 0 0 0 0 0 0 0 0
0 0 5 0 0 0 0 0 0 0 0 0 0 0 0 0
0 0 0 5 0 0 0 0 0 0 0 0 0 0 0 5
0 5 0 0 5 4 0 0 4 5 0 0 0 0 0 0
0 0 0 0 0 5 0 0 0 0 0 0 0 0 0 0
0 0 0 0 0 0 5 0 0 0 0 0 0 0 0 0
0 0 0 0 2 0 0 5 0 4 0 0 0 0 0 0
0 0 0 0 0 0 0 0 5 0 0 0 0 0 0 0
3 0 0 4 2 0 0 3 0 5 0 0 0 0 0 0
0 0 0 0 0 0 4 0 0 0 5 5 0 0 0 0
0 0 0 0 0 0 0 5 0 3 4 5 4 0 0 0
0 0 0 0 0 0 0 0 0 0 0 0 5 0 0 0
0 0 0 4 0 0 0 0 0 0 0 1 0 5 0 0
0 0 0 0 0 0 0 0 0 0 0 0 0 0 5 0
0 0 0 0 0 0 0 0 0 0 0 0 0 0 0 5
5 0 0 0 0 0 0 0 0 0 0 0 0 0 0 0
2 5 1 0 0 0 1 0 0 0 5 0 0 0 0 0
0 0 5 0 0 0 0 0 0 0 0 0 0 0 0 0
0 0 0 5 0 0 0 0 0 0 0 0 0 0 0 0
0 0 0 0 5 0 0 0 2 0 0 3 4 0 0 0
0 0 0 1 5 5 0 0 0 0 0 0 4 0 0 0
0 0 0 0 0 0 5 1 0 5 0 0 0 0 0 0
0 0 0 0 0 0 0 5 0 0 0 0 0 0 0 0
0 0 0 0 3 5 0 0 5 0 1 0 0 1 1 0
0 0 1 0 0 0 0 0 0 5 0 0 0 0 0 0
0 0 0 0 2 0 0 0 0 0 5 3 0 0 0 4
0 0 0 2 0 0 0 0 1 0 0 5 0 0 0 5
5 0 0 0 0 4 0 0 0 5 0 0 5 4 0 0
0 0 0 0 4 0 0 0 0 0 0 0 1 5 0 0
0 0 0 0 0 0 0 1 3 0 2 0 0 0 5 0
0 0 0 0 0 0 0 0 0 0 0 3 0 0 5 5

8 11 9 9 9 10 11 9 9 9 8 10 11 9 7 9 7 8 8 7 4 6 6 9 7 10 8 12 8 9 14 6
3 5 4 3 4 5 2 4 4 7 5 3 3 4 7 3 5 5 0 5 2 2 5 3 1 7 7 5 6 5 5 10
8 9 11 7 8 7 9 7 10 7 8 10 9 8 9 7 7 5 7 3 4 9 7 4 7 7 8 4 7 8 6 10
8 10 7 6 6 6 5 4 6 7 8 5 6 3 5 7 9 10 7 10 9 6 11 8 9 12 10 9 6 9 6 8
8 5 8 8 4 7 6 3 4 5 5 7 3 3 6 6 4 7 8 5 5 9 2 6 4 4 5 6 10 10 6 6
5 7 8 7 6 8 4 3 5 5 6 11 6 9 9 5 6 9 5 7 9 8 6 7 9 5 8 8 7 9 9 6
4 4 9 4 4 7 4 3 5 4 7 4 4 7 5 5 8 5 6 5 8 5 5 6 4 4 5 5 6 5 5 5
5 5 3 5 6 5 7 5 3 5 8 7 10 4 6 8 2 5 5 8 4 6 5 4 8 7 4 7 6 6 5 4
7 4 5 3 4 5 4 3 6 5 8 7 8 5 6 6 5 1 6 6 7 6 7 8 6 6 7 7 2 7 6 7
10 5 6 14 11 5 8 12 6 8 6 9 4 8 7 6 10 9 10 10 9 11 6 8 9 5 9 7 9 6 7 14
8 9 8 5 7 3 6 8 11 7 6 8 5 7 8 10 12 6 6 9 5 6 7 7 11 6 8 6 14 9 10 6
4 5 7 8 6 10 7 7 6 5 6 4 8 5 4 5 6 6 7 7 5 7 3 7 5 4 11 7 8 11 5 9
10 7 6 8 5 7 5 9 7 10 8 7 10 6 3 8 3 7 8 7 12 9 12 8 8 7 8 10 7 9 8 12
6 6 2 3 6 4 5 5 4 4 4 2 2 6 6 4 5 1 4 2 6 1 6 9 4 5 3 5 8 7 7 7
13 6 9 6 7 6 4 5 7 6 6 7 8 5 10 5 7 9 9 5 7 4 4 5 8 6 5 8 4 6 10 4
6 9 4 6 4 5 4 5 5 6 3 3 3 5 3 4 6 6 5 6 5 4 6 8 5 6 4 4 7 1 7 5
