64
2
32
4
5

0 32
0 32
0 32
0 32
0 32
0 32
0 32
0 32
0 32
0 32
0 32
0 32
0 32
0 32
0 32
0 32
0 32
0 32
0 32
0 32
0 32
0 32
0 32
0 32
0 32
0 32
0 32
0 32
0 32
0 32
0 32
0 32
0 32
0 32
0 32
0 32
0 32
0 32
0 32
0 32
0 32
0 32
0 32
0 32
0 32
0 32
0 32
0 32
0 32
0 32
0 32
0 32
0 32
0 32
0 32
0 32
0 32
0 32
0 32
0 32
0 32
0 32
0 32
0 32

0 32
0 32
0 32
0 32
0 32
0 32
0 32
0 32
0 32
0 32
0 32
0 32
0 32
0 32
0 32
0 32
0 32
0 32
0 32
0 32
0 32
0 32
0 32
0 32
0 32
0 32
0 32
0 32
0 32
0 32
0 32
0 32
0 32
0 32
0 32
0 32
0 32
0 32
0 32
0 32
0 32
0 32
0 32
0 32
0 32
0 32
0 32
0 32
0 32
0 32
0 32
0 32
0 32
0 32
0 32
0 32
0 32
0 32
0 32
0 32
0 32
0 32
0 32
0 32

16 32
16 32
16 32
16 32
16 32
16 32
16 32
16 32
16 32
16 32
16 32
16 32
16 32
16 32
16 32
16 32
16 32
16 32
16 32
16 32
16 32
16 32
16 32
16 32
16 32
16 32
16 32
16 32
16 32
16 32
16 32
16 32
16 32
16 32
16 32
16 32
16 32
16 32
16 32
16 32
16 32
16 32
16 32
16 32
16 32
16 32
16 32
16 32
16 32
16 32
16 32
16 32
16 32
16 32
16 32
16 32
16 32
16 32
16 32
16 32
16 32
16 32
16 32
16 32

5 5
0 5
5 5
0 5
5 0
0 5
5 1
1 5
5 2
1 5
5 2
0 5
5 0
0 5
5 0
1 5
5 4
0 5
5 1
3 5
5 0
0 5
5 0
1 5
5 0
0 5
5 4
0 5
5 0
4 5
5 1
1 5
5 0
0 5
5 2
0 5
5 5
1 5
5 0
0 5
5 5
3 5
5 3
0 5
5 3
0 5
5 0
1 5
5 1
0 5
5 2
5 5
5 4
4 5
5 4
0 5
5 0
4 5
5 0
5 5
5 2
2 5
5 1
3 5

23 31 30 28 24 18 23 28 29 27 25 27 21 24 23 25 22 25 21 27 26 25 27 23 22 25 27 28 25 29 25 31
40 30 30 31 35 40 33 26 23 22 31 29 31 31 28 27 32 27 33 28 29 31 26 31 31 28 25 26 31 31 35 33
