64
2
32
4
5

0 32
0 32
0 32
0 32
0 32
0 32
0 32
0 32
0 32
0 32
0 32
0 32
0 32
0 32
0 32
0 32
0 32
0 32
0 32
0 32
0 32
0 32
0 32
0 32
0 32
0 32
0 32
0 32
0 32
0 32
0 32
0 32
0 32
0 32
0 32
0 32
0 32
0 32
0 32
0 32
0 32
0 32
0 32
0 32
0 32
0 32
0 32
0 32
0 32
0 32
0 32
0 32
0 32
0 32
0 32
0 32
0 32
0 32
0 32
0 32
0 32
0 32
0 32
0 32

0 32
0 32
0 32
0 32
0 32
0 32
0 32
0 32
0 32
0 32
0 32
0 32
0 32
0 32
0 32
0 32
0 32
0 32
0 32
0 32
0 32
0 32
0 32
0 32
0 32
0 32
0 32
0 32
0 32
0 32
0 32
0 32
0 32
0 32
0 32
0 32
0 32
0 32
0 32
0 32
0 32
0 32
0 32
0 32
0 32
0 32
0 32
0 32
0 32
0 32
0 32
0 32
0 32
0 32
0 32
0 32
0 32
0 32
0 32
0 32
0 32
0 32
0 32
0 32

16 32
16 32
16 32
16 32
16 32
16 32
16 32
16 32
16 32
16 32
16 32
16 32
16 32
16 32
16 32
16 32
16 32
16 32
16 32
16 32
16 32
16 32
16 32
16 32
16 32
16 32
16 32
16 32
16 32
16 32
16 32
16 32
16 32
16 32
16 32
16 32
16 32
16 32
16 32
16 32
16 32
16 32
16 32
16 32
16 32
16 32
16 32
16 32
16 32
16 32
16 32
16 32
16 32
16 32
16 32
16 32
16 32
16 32
16 32
16 32
16 32
16 32
16 32
16 32

5 2
0 5
5 5
3 5
5 0
0 5
5 2
4 5
5 0
0 5
5 5
0 5
5 2
5 5
5 0
1 5
5 0
0 5
5 4
0 5
5 5
4 5
5 0
4 5
5 2
5 5
5 4
5 5
5 0
0 5
5 2
0 5
5 5
0 5
5 3
5 5
5 3
4 5
5 3
1 5
5 1
0 5
5 1
0 5
5 0
0 5
5 3
1 5
5 1
2 5
5 1
0 5
5 1
4 5
5 5
4 5
5 0
0 5
5 3
5 5
5 5
3 5
5 5
0 5

25 28 26 25 23 22 20 27 19 17 23 23 30 24 19 19 34 24 23 27 21 23 28 17 26 20 23 22 30 29 28 27
30 29 28 25 25 33 29 27 37 38 28 31 24 24 28 32 22 29 29 30 35 32 31 38 31 34 29 32 26 27 34 37
