64
2
32
4
5

0 32
0 32
0 32
0 32
0 32
0 32
0 32
0 32
0 32
0 32
0 32
0 32
0 32
0 32
0 32
0 32
0 32
0 32
0 32
0 32
0 32
0 32
0 32
0 32
0 32
0 32
0 32
0 32
0 32
0 32
0 32
0 32
0 32
0 32
0 32
0 32
0 32
0 32
0 32
0 32
0 32
0 32
0 32
0 32
0 32
0 32
0 32
0 32
0 32
0 32
0 32
0 32
0 32
0 32
0 32
0 32
0 32
0 32
0 32
0 32
0 32
0 32
0 32
0 32

0 32
0 32
0 32
0 32
0 32
0 32
0 32
0 32
0 32
0 32
0 32
0 32
0 32
0 32
0 32
0 32
0 32
0 32
0 32
0 32
0 32
0 32
0 32
0 32
0 32
0 32
0 32
0 32
0 32
0 32
0 32
0 32
0 32
0 32
0 32
0 32
0 32
0 32
0 32
0 32
0 32
0 32
0 32
0 32
0 32
0 32
0 32
0 32
0 32
0 32
0 32
0 32
0 32
0 32
0 32
0 32
0 32
0 32
0 32
0 32
0 32
0 32
0 32
0 32

16 32
16 32
16 32
16 32
16 32
16 32
16 32
16 32
16 32
16 32
16 32
16 32
16 32
16 32
16 32
16 32
16 32
16 32
16 32
16 32
16 32
16 32
16 32
16 32
16 32
16 32
16 32
16 32
16 32
16 32
16 32
16 32
16 32
16 32
16 32
16 32
16 32
16 32
16 32
16 32
16 32
16 32
16 32
16 32
16 32
16 32
16 32
16 32
16 32
16 32
16 32
16 32
16 32
16 32
16 32
16 32
16 32
16 32
16 32
16 32
16 32
16 32
16 32
16 32

5 5
0 5
5 0
0 5
5 5
4 5
5 2
0 5
5 0
0 5
5 0
1 5
5 0
0 5
5 0
0 5
5 1
4 5
5 2
2 5
5 5
0 5
5 3
3 5
5 0
0 5
5 1
1 5
5 0
0 5
5 4
3 5
5 4
0 5
5 0
0 5
5 0
4 5
5 0
5 5
5 3
0 5
5 0
4 5
5 5
0 5
5 2
0 5
5 0
0 5
5 3
4 5
5 0
0 5
5 4
3 5
5 5
0 5
5 5
3 5
5 1
0 5
5 0
3 5

28 27 28 21 25 19 17 20 22 22 21 26 19 27 20 32 24 27 28 27 26 23 22 28 24 32 29 21 24 24 23 34
29 29 27 29 27 25 26 29 24 28 31 31 34 29 30 26 28 26 30 24 26 27 24 26 33 27 30 35 28 29 37 27
