64
2
32
4
5

0 32
0 32
0 32
0 32
0 32
0 32
0 32
0 32
0 32
0 32
0 32
0 32
0 32
0 32
0 32
0 32
0 32
0 32
0 32
0 32
0 32
0 32
0 32
0 32
0 32
0 32
0 32
0 32
0 32
0 32
0 32
0 32
0 32
0 32
0 32
0 32
0 32
0 32
0 32
0 32
0 32
0 32
0 32
0 32
0 32
0 32
0 32
0 32
0 32
0 32
0 32
0 32
0 32
0 32
0 32
0 32
0 32
0 32
0 32
0 32
0 32
0 32
0 32
0 32

0 32
0 32
0 32
0 32
0 32
0 32
0 32
0 32
0 32
0 32
0 32
0 32
0 32
0 32
0 32
0 32
0 32
0 32
0 32
0 32
0 32
0 32
0 32
0 32
0 32
0 32
0 32
0 32
0 32
0 32
0 32
0 32
0 32
0 32
0 32
0 32
0 32
0 32
0 32
0 32
0 32
0 32
0 32
0 32
0 32
0 32
0 32
0 32
0 32
0 32
0 32
0 32
0 32
0 32
0 32
0 32
0 32
0 32
0 32
0 32
0 32
0 32
0 32
0 32

16 32
16 32
16 32
16 32
16 32
16 32
16 32
16 32
16 32
16 32
16 32
16 32
16 32
16 32
16 32
16 32
16 32
16 32
16 32
16 32
16 32
16 32
16 32
16 32
16 32
16 32
16 32
16 32
16 32
16 32
16 32
16 32
16 32
16 32
16 32
16 32
16 32
16 32
16 32
16 32
16 32
16 32
16 32
16 32
16 32
16 32
16 32
16 32
16 32
16 32
16 32
16 32
16 32
16 32
16 32
16 32
16 32
16 32
16 32
16 32
16 32
16 32
16 32
16 32

5 0
3 5
5 0
0 5
5 5
3 5
5 0
0 5
5 4
5 5
5 0
4 5
5 4
3 5
5 1
2 5
5 0
0 5
5 5
1 5
5 2
1 5
5 0
3 5
5 0
1 5
5 0
0 5
5 1
2 5
5 4
0 5
5 4
0 5
5 0
0 5
5 0
0 5
5 0
1 5
5 0
1 5
5 0
5 5
5 4
0 5
5 4
3 5
5 0
0 5
5 1
0 5
5 4
3 5
5 0
5 5
5 3
2 5
5 4
0 5
5 5
4 5
5 4
1 5

32 30 27 27 28 19 20 25 26 22 25 32 24 30 30 24 27 27 27 21 24 28 23 29 27 27 30 30 29 32 35 31
23 24 26 23 27 25 26 19 26 32 27 23 26 23 18 26 22 18 23 31 26 24 29 24 28 24 24 25 23 28 24 33
