64
2
32
4
5

0 32
0 32
0 32
0 32
0 32
0 32
0 32
0 32
0 32
0 32
0 32
0 32
0 32
0 32
0 32
0 32
0 32
0 32
0 32
0 32
0 32
0 32
0 32
0 32
0 32
0 32
0 32
0 32
0 32
0 32
0 32
0 32
0 32
0 32
0 32
0 32
0 32
0 32
0 32
0 32
0 32
0 32
0 32
0 32
0 32
0 32
0 32
0 32
0 32
0 32
0 32
0 32
0 32
0 32
0 32
0 32
0 32
0 32
0 32
0 32
0 32
0 32
0 32
0 32

0 32
0 32
0 32
0 32
0 32
0 32
0 32
0 32
0 32
0 32
0 32
0 32
0 32
0 32
0 32
0 32
0 32
0 32
0 32
0 32
0 32
0 32
0 32
0 32
0 32
0 32
0 32
0 32
0 32
0 32
0 32
0 32
0 32
0 32
0 32
0 32
0 32
0 32
0 32
0 32
0 32
0 32
0 32
0 32
0 32
0 32
0 32
0 32
0 32
0 32
0 32
0 32
0 32
0 32
0 32
0 32
0 32
0 32
0 32
0 32
0 32
0 32
0 32
0 32

16 32
16 32
16 32
16 32
16 32
16 32
16 32
16 32
16 32
16 32
16 32
16 32
16 32
16 32
16 32
16 32
16 32
16 32
16 32
16 32
16 32
16 32
16 32
16 32
16 32
16 32
16 32
16 32
16 32
16 32
16 32
16 32
16 32
16 32
16 32
16 32
16 32
16 32
16 32
16 32
16 32
16 32
16 32
16 32
16 32
16 32
16 32
16 32
16 32
16 32
16 32
16 32
16 32
16 32
16 32
16 32
16 32
16 32
16 32
16 32
16 32
16 32
16 32
16 32

5 1
0 5
5 2
3 5
5 4
0 5
5 3
0 5
5 1
1 5
5 4
0 5
5 3
3 5
5 0
3 5
5 0
0 5
5 1
1 5
5 4
0 5
5 0
5 5
5 0
0 5
5 1
4 5
5 3
0 5
5 0
0 5
5 0
0 5
5 3
2 5
5 0
0 5
5 0
1 5
5 0
2 5
5 1
0 5
5 3
4 5
5 2
2 5
5 3
0 5
5 4
3 5
5 3
0 5
5 2
0 5
5 0
2 5
5 0
0 5
5 4
3 5
5 0
1 5

22 30 27 22 22 19 22 23 19 24 22 25 24 27 28 27 25 23 25 26 29 27 24 23 27 25 22 28 25 25 27 25
33 30 21 25 28 27 31 30 30 29 26 28 27 25 27 23 30 27 34 34 27 26 26 27 24 28 31 23 32 34 28 36
