64
2
32
4
5

0 32
0 32
0 32
0 32
0 32
0 32
0 32
0 32
0 32
0 32
0 32
0 32
0 32
0 32
0 32
0 32
0 32
0 32
0 32
0 32
0 32
0 32
0 32
0 32
0 32
0 32
0 32
0 32
0 32
0 32
0 32
0 32
0 32
0 32
0 32
0 32
0 32
0 32
0 32
0 32
0 32
0 32
0 32
0 32
0 32
0 32
0 32
0 32
0 32
0 32
0 32
0 32
0 32
0 32
0 32
0 32
0 32
0 32
0 32
0 32
0 32
0 32
0 32
0 32

0 32
0 32
0 32
0 32
0 32
0 32
0 32
0 32
0 32
0 32
0 32
0 32
0 32
0 32
0 32
0 32
0 32
0 32
0 32
0 32
0 32
0 32
0 32
0 32
0 32
0 32
0 32
0 32
0 32
0 32
0 32
0 32
0 32
0 32
0 32
0 32
0 32
0 32
0 32
0 32
0 32
0 32
0 32
0 32
0 32
0 32
0 32
0 32
0 32
0 32
0 32
0 32
0 32
0 32
0 32
0 32
0 32
0 32
0 32
0 32
0 32
0 32
0 32
0 32

16 32
16 32
16 32
16 32
16 32
16 32
16 32
16 32
16 32
16 32
16 32
16 32
16 32
16 32
16 32
16 32
16 32
16 32
16 32
16 32
16 32
16 32
16 32
16 32
16 32
16 32
16 32
16 32
16 32
16 32
16 32
16 32
16 32
16 32
16 32
16 32
16 32
16 32
16 32
16 32
16 32
16 32
16 32
16 32
16 32
16 32
16 32
16 32
16 32
16 32
16 32
16 32
16 32
16 32
16 32
16 32
16 32
16 32
16 32
16 32
16 32
16 32
16 32
16 32

5 2
5 5
5 0
0 5
5 1
5 5
5 5
0 5
5 5
1 5
5 1
0 5
5 3
1 5
5 5
1 5
5 0
0 5
5 0
3 5
5 0
5 5
5 0
3 5
5 5
0 5
5 0
1 5
5 5
1 5
5 4
4 5
5 0
0 5
5 3
0 5
5 4
0 5
5 0
2 5
5 5
2 5
5 0
5 5
5 0
3 5
5 3
2 5
5 5
0 5
5 1
5 5
5 0
3 5
5 0
1 5
5 4
5 5
5 0
0 5
5 4
5 5
5 5
2 5

36 28 29 31 28 26 28 28 31 34 34 30 27 27 26 21 33 29 30 24 25 27 25 27 23 25 31 31 33 29 27 32
27 31 25 25 30 28 21 26 26 23 20 21 23 26 23 26 21 21 23 27 29 22 27 27 25 23 19 18 19 26 30 32
