64
2
32
4
5

0 32
0 32
0 32
0 32
0 32
0 32
0 32
0 32
0 32
0 32
0 32
0 32
0 32
0 32
0 32
0 32
0 32
0 32
0 32
0 32
0 32
0 32
0 32
0 32
0 32
0 32
0 32
0 32
0 32
0 32
0 32
0 32
0 32
0 32
0 32
0 32
0 32
0 32
0 32
0 32
0 32
0 32
0 32
0 32
0 32
0 32
0 32
0 32
0 32
0 32
0 32
0 32
0 32
0 32
0 32
0 32
0 32
0 32
0 32
0 32
0 32
0 32
0 32
0 32

0 32
0 32
0 32
0 32
0 32
0 32
0 32
0 32
0 32
0 32
0 32
0 32
0 32
0 32
0 32
0 32
0 32
0 32
0 32
0 32
0 32
0 32
0 32
0 32
0 32
0 32
0 32
0 32
0 32
0 32
0 32
0 32
0 32
0 32
0 32
0 32
0 32
0 32
0 32
0 32
0 32
0 32
0 32
0 32
0 32
0 32
0 32
0 32
0 32
0 32
0 32
0 32
0 32
0 32
0 32
0 32
0 32
0 32
0 32
0 32
0 32
0 32
0 32
0 32

16 32
16 32
16 32
16 32
16 32
16 32
16 32
16 32
16 32
16 32
16 32
16 32
16 32
16 32
16 32
16 32
16 32
16 32
16 32
16 32
16 32
16 32
16 32
16 32
16 32
16 32
16 32
16 32
16 32
16 32
16 32
16 32
16 32
16 32
16 32
16 32
16 32
16 32
16 32
16 32
16 32
16 32
16 32
16 32
16 32
16 32
16 32
16 32
16 32
16 32
16 32
16 32
16 32
16 32
16 32
16 32
16 32
16 32
16 32
16 32
16 32
16 32
16 32
16 32

5 0
0 5
5 4
0 5
5 0
5 5
5 0
0 5
5 0
0 5
5 0
4 5
5 4
5 5
5 1
1 5
5 3
0 5
5 3
0 5
5 4
0 5
5 0
5 5
5 0
1 5
5 5
5 5
5 0
0 5
5 3
4 5
5 2
3 5
5 2
3 5
5 4
4 5
5 0
0 5
5 0
4 5
5 0
2 5
5 0
5 5
5 4
0 5
5 4
3 5
5 5
0 5
5 0
0 5
5 3
1 5
5 0
4 5
5 0
1 5
5 0
4 5
5 0
0 5

28 32 33 28 29 22 32 32 29 28 27 28 29 28 29 35 28 31 28 30 32 27 28 24 22 26 28 28 20 34 27 34
34 28 20 25 26 32 24 22 25 25 24 28 28 31 30 22 27 25 22 24 26 25 25 27 28 26 25 22 31 25 28 27
