128
16
32
4
5

0 32
0 32
0 32
0 32
0 32
0 32
0 32
0 32
0 32
0 32
0 32
0 32
0 32
0 32
0 32
0 32
0 32
0 32
0 32
0 32
0 32
0 32
0 32
0 32
0 32
0 32
0 32
0 32
0 32
0 32
0 32
0 32
0 32
0 32
0 32
0 32
0 32
0 32
0 32
0 32
0 32
0 32
0 32
0 32
0 32
0 32
0 32
0 32
0 32
0 32
0 32
0 32
0 32
0 32
0 32
0 32
0 32
0 32
0 32
0 32
0 32
0 32
0 32
0 32
0 32
0 32
0 32
0 32
0 32
0 32
0 32
0 32
0 32
0 32
0 32
0 32
0 32
0 32
0 32
0 32
0 32
0 32
0 32
0 32
0 32
0 32
0 32
0 32
0 32
0 32
0 32
0 32
0 32
0 32
0 32
0 32
0 32
0 32
0 32
0 32
0 32
0 32
0 32
0 32
0 32
0 32
0 32
0 32
0 32
0 32
0 32
0 32
0 32
0 32
0 32
0 32
0 32
0 32
0 32
0 32
0 32
0 32
0 32
0 32
0 32
0 32
0 32
0 32

0 32
0 32
0 32
0 32
0 32
0 32
0 32
0 32
0 32
0 32
0 32
0 32
0 32
0 32
0 32
0 32
0 32
0 32
0 32
0 32
0 32
0 32
0 32
0 32
0 32
0 32
0 32
0 32
0 32
0 32
0 32
0 32
0 32
0 32
0 32
0 32
0 32
0 32
0 32
0 32
0 32
0 32
0 32
0 32
0 32
0 32
0 32
0 32
0 32
0 32
0 32
0 32
0 32
0 32
0 32
0 32
0 32
0 32
0 32
0 32
0 32
0 32
0 32
0 32
0 32
0 32
0 32
0 32
0 32
0 32
0 32
0 32
0 32
0 32
0 32
0 32
0 32
0 32
0 32
0 32
0 32
0 32
0 32
0 32
0 32
0 32
0 32
0 32
0 32
0 32
0 32
0 32
0 32
0 32
0 32
0 32
0 32
0 32
0 32
0 32
0 32
0 32
0 32
0 32
0 32
0 32
0 32
0 32
0 32
0 32
0 32
0 32
0 32
0 32
0 32
0 32
0 32
0 32
0 32
0 32
0 32
0 32
0 32
0 32
0 32
0 32
0 32
0 32

16 32
16 32
16 32
16 32
16 32
16 32
16 32
16 32
16 32
16 32
16 32
16 32
16 32
16 32
16 32
16 32
16 32
16 32
16 32
16 32
16 32
16 32
16 32
16 32
16 32
16 32
16 32
16 32
16 32
16 32
16 32
16 32
16 32
16 32
16 32
16 32
16 32
16 32
16 32
16 32
16 32
16 32
16 32
16 32
16 32
16 32
16 32
16 32
16 32
16 32
16 32
16 32
16 32
16 32
16 32
16 32
16 32
16 32
16 32
16 32
16 32
16 32
16 32
16 32
16 32
16 32
16 32
16 32
16 32
16 32
16 32
16 32
16 32
16 32
16 32
16 32
16 32
16 32
16 32
16 32
16 32
16 32
16 32
16 32
16 32
16 32
16 32
16 32
16 32
16 32
16 32
16 32
16 32
16 32
16 32
16 32
16 32
16 32
16 32
16 32
16 32
16 32
16 32
16 32
16 32
16 32
16 32
16 32
16 32
16 32
16 32
16 32
16 32
16 32
16 32
16 32
16 32
16 32
16 32
16 32
16 32
16 32
16 32
16 32
16 32
16 32
16 32
16 32

5 0 0 0 0 2 0 0 0 0 0 0 0 0 3 0
0 5 0 0 2 0 0 0 0 4 0 4 5 0 0 0
1 0 5 0 0 0 0 0 0 0 0 2 0 0 0 0
0 0 0 5 0 0 0 0 0 0 0 0 0 0 0 0
0 0 1 0 5 0 0 0 5 0 0 0 0 1 0 0
0 0 0 0 0 5 0 0 3 0 0 0 2 0 0 0
0 0 0 0 0 0 5 0 0 0 0 0 0 0 0 0
0 3 0 0 0 0 0 5 0 0 3 2 0 0 0 0
0 1 0 0 0 0 0 0 5 3 0 3 0 3 0 0
0 0 0 5 0 1 0 5 0 5 2 0 0 0 0 0
0 0 0 0 0 0 0 0 0 0 5 0 0 0 0 0
0 1 0 0 0 0 0 1 0 0 0 5 0 0 3 0
0 0 2 2 5 0 1 0 0 0 0 0 5 0 0 0
0 0 0 0 0 0 0 0 0 0 0 0 0 5 0 0
0 0 0 4 0 3 5 0 2 0 0 0 0 0 5 5
0 0 0 0 0 0 0 0 0 0 0 0 0 0 0 5
5 0 4 0 4 0 0 0 0 0 0 0 3 0 0 0
0 5 0 0 0 0 0 0 0 0 0 0 0 0 0 0
0 0 5 5 0 0 0 0 2 0 5 0 0 0 0 0
0 0 0 5 0 0 0 0 0 0 0 0 0 0 0 0
0 0 0 0 5 0 0 0 0 0 0 0 0 0 0 0
0 2 0 0 0 5 0 0 0 3 0 0 0 0 0 0
0 0 0 0 0 0 5 2 0 0 4 0 0 0 0 2
0 0 0 0 0 0 0 5 0 0 0 0 0 0 0 0
5 0 0 0 0 0 0 0 5 0 0 0 2 0 3 3
1 0 0 0 0 0 0 0 0 5 0 0 0 0 3 0
0 0 0 0 0 0 0 0 0 0 5 0 0 0 0 0
0 0 0 0 0 0 0 0 0 0 0 5 0 0 0 0
0 0 0 0 0 1 4 0 0 0 0 0 5 0 0 0
0 0 0 0 0 0 0 0 0 0 0 0 0 5 0 0
0 0 0 0 3 0 0 0 0 0 3 0 1 0 5 3
0 0 0 4 0 0 0 0 0 0 0 0 0 3 4 5
5 0 0 1 4 5 0 0 0 0 5 0 0 1 0 0
0 5 0 0 0 0 1 0 2 0 0 3 0 0 0 0
0 0 5 0 1 0 2 0 0 0 0 2 0 0 0 0
0 0 0 5 0 0 0 0 0 0 0 0 0 0 0 0
4 0 0 4 5 0 0 0 0 0 0 0 0 0 0 0
0 0 0 0 1 5 3 0 2 0 0 0 0 0 0 2
0 0 0 0 0 0 5 0 2 0 0 0 0 0 0 5
0 0 0 0 0 0 0 5 0 0 5 0 0 0 4 4
0 0 0 0 0 0 2 0 5 0 0 2 0 0 0 0
1 0 1 3 0 0 0 0 0 5 0 0 0 0 0 0
0 0 0 0 0 0 0 0 0 0 5 0 0 0 0 0
5 0 0 0 0 0 0 0 0 0 5 5 0 0 0 3
0 5 0 0 3 0 0 0 0 0 0 0 5 0 0 0
0 0 0 0 0 0 0 0 0 0 0 1 0 5 0 4
0 0 0 0 0 0 0 0 0 0 0 0 0 0 5 0
0 0 0 0 0 0 0 0 0 0 0 0 0 0 0 5
5 0 0 0 0 0 0 0 0 0 0 0 0 0 0 0
0 5 0 0 0 5 0 0 0 0 0 0 0 5 0 4
0 0 5 0 4 0 0 0 0 0 0 0 0 4 5 0
0 0 0 5 0 0 0 0 0 0 0 0 0 0 0 0
0 0 0 0 5 0 0 0 1 0 0 0 0 1 0 0
0 0 0 0 0 5 0 0 0 0 0 0 0 0 0 0
1 0 0 0 0 0 5 0 0 0 0 0 0 3 0 0
0 0 0 0 0 0 0 5 0 0 0 0 0 0 0 0
0 0 0 0 0 0 1 0 5 0 0 0 0 0 1 0
0 0 0 0 0 0 0 0 0 5 0 0 0 0 0 0
0 0 0 0 0 0 2 0 0 0 5 0 0 0 0 2
0 0 0 0 0 0 0 0 0 0 0 5 0 0 0 0
2 0 0 3 0 0 0 0 0 0 2 0 5 0 0 0
1 0 5 2 0 0 0 1 0 0 0 0 0 5 0 0
0 0 0 5 0 1 0 0 5 0 0 2 0 0 5 0
0 0 0 0 0 0 0 0 0 0 0 0 0 0 0 5
5 3 0 0 0 0 0 0 0 0 0 0 0 0 1 0
0 5 0 0 0 0 0 2 4 0 0 0 0 0 0 0
4 0 5 2 0 0 5 0 0 4 0 0 0 0 0 0
0 4 5 5 0 0 0 0 3 0 0 0 0 0 0 0
0 5 0 0 5 0 0 0 2 0 5 0 0 0 0 0
0 5 4 0 0 5 0 0 0 0 0 0 3 0 0 0
0 0 0 0 3 0 5 0 0 0 0 0 0 0 0 0
0 1 0 0 0 0 0 5 2 3 3 4 0 0 0 0
0 0 0 0 0 0 0 0 5 0 0 0 0 0 0 0
1 0 0 0 0 0 5 0 0 5 0 1 0 0 3 0
0 0 0 0 0 0 0 0 0 0 5 5 0 0 5 0
0 0 0 0 0 0 0 0 0 0 0 5 0 0 2 4
0 3 0 0 0 0 0 0 0 1 0 0 5 4 0 0
0 0 0 0 3 0 0 2 1 0 0 0 0 5 0 0
0 1 0 0 0 0 2 0 3 0 0 0 3 4 5 0
0 0 0 0 0 0 0 0 0 0 0 0 0 0 0 5
5 3 0 5 0 0 0 1 0 1 0 0 0 0 0 5
0 5 0 0 1 0 0 0 0 0 2 3 5 0 0 0
0 0 5 0 0 0 0 0 0 0 0 0 0 0 0 0
5 0 0 5 0 0 0 3 0 0 1 0 0 0 3 0
0 0 0 0 5 0 0 0 0 0 0 0 0 0 0 0
0 0 0 0 0 5 4 0 0 2 0 0 5 0 0 0
0 0 0 0 0 0 5 1 0 5 0 0 0 0 4 0
0 3 0 0 0 0 4 5 0 0 1 0 0 0 0 0
5 0 0 0 0 0 0 0 5 1 0 0 0 0 3 5
4 0 0 0 0 5 0 0 0 5 0 0 0 0 0 0
0 0 0 0 3 0 0 0 0 1 5 4 0 0 0 0
4 0 0 1 0 0 2 0 0 3 0 5 0 0 0 4
0 0 0 4 0 5 5 0 0 0 4 0 5 0 0 1
3 1 0 5 0 0 1 0 0 0 0 0 0 5 0 0
0 3 0 0 0 0 1 0 0 3 0 0 0 0 5 0
0 0 0 0 0 0 0 4 0 0 0 0 2 5 0 5
5 0 0 0 3 0 0 0 0 0 0 0 0 0 2 3
2 5 0 0 0 0 5 0 0 0 5 0 0 0 3 0
0 0 5 0 0 0 0 0 3 0 0 0 0 0 0 0
0 0 0 5 0 0 0 0 0 0 0 0 0 0 0 0
0 0 0 0 5 0 0 0 0 0 0 0 0 0 0 0
0 5 0 0 0 5 0 0 0 0 0 0 0 1 0 0
0 0 0 0 0 2 5 5 0 4 5 0 0 0 0 0
0 0 0 0 0 2 0 5 0 5 4 1 0 0 0 5
0 0 0 0 0 0 0 0 5 0 0 0 0 0 0 0
2 0 0 0 0 3 0 0 0 5 0 0 0 0 0 0
0 0 0 0 0 0 0 0 0 0 5 0 0 0 0 0
2 0 0 0 0 0 0 5 0 0 0 5 0 2 0 0
0 0 0 0 0 0 0 0 0 0 0 0 5 0 0 0
1 0 0 0 0 0 0 0 0 0 2 0 4 5 2 0
4 0 0 1 0 0 0 0 0 4 0 0 0 0 5 0
0 0 0 0 0 1 0 0 5 0 0 0 0 0 0 5
5 1 0 0 0 0 0 0 1 0 0 0 0 0 0 0
0 5 5 2 5 0 0 0 1 0 0 0 0 0 0 0
0 0 5 0 3 0 0 2 0 0 0 0 0 0 0 0
0 5 4 5 0 0 0 0 0 0 0 0 0 0 0 5
0 1 0 0 5 0 0 5 0 0 0 0 0 0 1 0
0 0 2 1 1 5 0 3 0 0 0 0 0 4 0 0
0 0 0 0 1 0 5 0 1 0 0 0 0 2 0 0
0 0 2 0 0 0 0 5 0 0 0 1 0 0 0 0
0 0 0 0 2 0 0 0 5 0 0 0 0 1 0 0
0 0 0 0 0 0 0 0 2 5 0 0 0 5 0 0
0 0 0 0 0 0 0 0 0 0 5 0 0 0 0 0
0 0 0 0 0 0 0 0 0 0 0 5 0 0 0 0
0 5 0 0 0 5 0 0 0 0 0 0 5 0 0 0
0 0 5 0 0 0 0 0 0 1 0 0 0 5 0 0
0 0 0 4 0 0 3 0 0 2 0 0 0 0 5 0
0 0 0 0 0 0 0 0 0 0 0 0 0 0 0 5

3 7 11 9 5 9 7 6 7 7 9 4 5 5 7 8 6 6 4 7 6 6 6 6 9 9 10 7 4 6 7 6
12 10 12 7 5 11 6 7 4 10 10 7 6 6 4 9 5 4 8 5 5 5 11 10 5 7 10 7 11 7 14 6
6 8 7 6 5 6 3 6 5 6 1 5 5 4 5 1 2 6 0 2 3 3 9 4 7 6 7 4 8 6 6 10
8 7 9 6 7 10 7 10 6 7 10 8 10 9 11 10 13 4 9 11 10 13 10 9 8 8 6 9 6 4 10 11
11 9 6 10 7 7 5 6 7 6 7 12 9 14 7 10 6 9 8 8 9 4 6 5 5 11 9 10 7 9 9 10
10 7 7 6 7 1 7 8 2 7 5 6 6 6 5 2 8 3 2 2 4 8 8 7 4 6 2 7 6 7 5 7
7 5 4 10 4 6 6 6 8 5 9 7 6 6 4 2 8 8 7 8 5 4 6 3 5 7 4 4 7 7 11 12
9 7 8 4 8 7 6 7 6 4 5 7 8 6 5 3 5 5 3 4 6 8 4 8 7 7 6 4 3 4 4 10
9 9 8 8 6 7 9 9 12 8 8 6 8 9 8 9 9 9 9 10 6 9 7 8 7 7 6 5 7 6 9 6
6 4 6 5 5 7 5 3 9 8 4 5 5 2 6 5 3 2 7 5 4 8 4 7 6 4 7 5 5 8 7 6
9 9 8 10 11 8 9 8 9 9 9 9 9 7 7 10 7 6 6 9 10 7 9 5 7 7 5 9 9 7 10 11
8 5 5 8 7 7 6 6 10 7 5 7 7 10 7 5 9 6 6 6 7 8 6 5 6 6 6 9 10 12 10 7
4 6 3 3 4 2 4 2 5 5 5 7 3 2 6 4 3 8 5 6 3 2 1 5 7 2 4 2 5 4 4 7
6 9 8 7 6 3 8 7 7 8 8 10 12 6 10 6 9 4 10 6 8 13 6 3 4 7 6 14 8 6 4 3
7 8 10 5 4 9 9 10 8 8 8 6 5 4 5 10 6 10 6 4 8 7 7 10 7 2 7 5 6 7 5 4
10 9 8 8 14 9 12 6 9 10 9 10 9 12 9 8 8 6 6 9 8 4 9 11 11 9 10 8 12 14 10 12
