64
2
32
4
5

0 32
0 32
0 32
0 32
0 32
0 32
0 32
0 32
0 32
0 32
0 32
0 32
0 32
0 32
0 32
0 32
0 32
0 32
0 32
0 32
0 32
0 32
0 32
0 32
0 32
0 32
0 32
0 32
0 32
0 32
0 32
0 32
0 32
0 32
0 32
0 32
0 32
0 32
0 32
0 32
0 32
0 32
0 32
0 32
0 32
0 32
0 32
0 32
0 32
0 32
0 32
0 32
0 32
0 32
0 32
0 32
0 32
0 32
0 32
0 32
0 32
0 32
0 32
0 32

0 32
0 32
0 32
0 32
0 32
0 32
0 32
0 32
0 32
0 32
0 32
0 32
0 32
0 32
0 32
0 32
0 32
0 32
0 32
0 32
0 32
0 32
0 32
0 32
0 32
0 32
0 32
0 32
0 32
0 32
0 32
0 32
0 32
0 32
0 32
0 32
0 32
0 32
0 32
0 32
0 32
0 32
0 32
0 32
0 32
0 32
0 32
0 32
0 32
0 32
0 32
0 32
0 32
0 32
0 32
0 32
0 32
0 32
0 32
0 32
0 32
0 32
0 32
0 32

16 32
16 32
16 32
16 32
16 32
16 32
16 32
16 32
16 32
16 32
16 32
16 32
16 32
16 32
16 32
16 32
16 32
16 32
16 32
16 32
16 32
16 32
16 32
16 32
16 32
16 32
16 32
16 32
16 32
16 32
16 32
16 32
16 32
16 32
16 32
16 32
16 32
16 32
16 32
16 32
16 32
16 32
16 32
16 32
16 32
16 32
16 32
16 32
16 32
16 32
16 32
16 32
16 32
16 32
16 32
16 32
16 32
16 32
16 32
16 32
16 32
16 32
16 32
16 32

5 5
0 5
5 0
0 5
5 2
0 5
5 1
0 5
5 0
0 5
5 5
2 5
5 1
0 5
5 4
5 5
5 1
3 5
5 5
0 5
5 2
1 5
5 3
0 5
5 0
0 5
5 2
0 5
5 3
0 5
5 1
5 5
5 4
0 5
5 2
4 5
5 0
0 5
5 0
3 5
5 5
0 5
5 4
4 5
5 2
0 5
5 2
1 5
5 1
0 5
5 0
0 5
5 2
0 5
5 5
0 5
5 0
4 5
5 0
0 5
5 0
0 5
5 4
4 5

25 26 29 23 29 21 32 30 22 25 20 16 25 17 28 24 21 19 17 17 24 24 11 24 16 20 26 11 19 21 22 23
39 38 34 33 31 38 28 32 33 32 36 36 36 44 31 32 26 29 33 31 29 31 42 32 34 28 21 34 33 35 34 36
