64
2
32
4
5

0 32
0 32
0 32
0 32
0 32
0 32
0 32
0 32
0 32
0 32
0 32
0 32
0 32
0 32
0 32
0 32
0 32
0 32
0 32
0 32
0 32
0 32
0 32
0 32
0 32
0 32
0 32
0 32
0 32
0 32
0 32
0 32
0 32
0 32
0 32
0 32
0 32
0 32
0 32
0 32
0 32
0 32
0 32
0 32
0 32
0 32
0 32
0 32
0 32
0 32
0 32
0 32
0 32
0 32
0 32
0 32
0 32
0 32
0 32
0 32
0 32
0 32
0 32
0 32

0 32
0 32
0 32
0 32
0 32
0 32
0 32
0 32
0 32
0 32
0 32
0 32
0 32
0 32
0 32
0 32
0 32
0 32
0 32
0 32
0 32
0 32
0 32
0 32
0 32
0 32
0 32
0 32
0 32
0 32
0 32
0 32
0 32
0 32
0 32
0 32
0 32
0 32
0 32
0 32
0 32
0 32
0 32
0 32
0 32
0 32
0 32
0 32
0 32
0 32
0 32
0 32
0 32
0 32
0 32
0 32
0 32
0 32
0 32
0 32
0 32
0 32
0 32
0 32

16 32
16 32
16 32
16 32
16 32
16 32
16 32
16 32
16 32
16 32
16 32
16 32
16 32
16 32
16 32
16 32
16 32
16 32
16 32
16 32
16 32
16 32
16 32
16 32
16 32
16 32
16 32
16 32
16 32
16 32
16 32
16 32
16 32
16 32
16 32
16 32
16 32
16 32
16 32
16 32
16 32
16 32
16 32
16 32
16 32
16 32
16 32
16 32
16 32
16 32
16 32
16 32
16 32
16 32
16 32
16 32
16 32
16 32
16 32
16 32
16 32
16 32
16 32
16 32

5 0
0 5
5 0
2 5
5 4
4 5
5 2
4 5
5 0
2 5
5 0
0 5
5 4
5 5
5 4
1 5
5 1
0 5
5 0
5 5
5 3
0 5
5 0
4 5
5 2
0 5
5 5
0 5
5 5
5 5
5 0
5 5
5 0
3 5
5 3
5 5
5 3
5 5
5 3
3 5
5 0
4 5
5 1
3 5
5 1
0 5
5 2
0 5
5 0
5 5
5 0
4 5
5 4
3 5
5 5
3 5
5 5
3 5
5 0
0 5
5 1
4 5
5 3
1 5

32 29 31 26 24 26 23 34 35 30 22 24 25 25 27 27 27 28 27 22 21 20 23 24 26 29 33 27 22 26 29 32
21 20 22 25 32 30 35 24 20 21 24 22 24 25 22 25 24 27 21 29 30 27 29 33 28 26 20 21 34 28 28 25
