64
2
32
4
5

0 32
0 32
0 32
0 32
0 32
0 32
0 32
0 32
0 32
0 32
0 32
0 32
0 32
0 32
0 32
0 32
0 32
0 32
0 32
0 32
0 32
0 32
0 32
0 32
0 32
0 32
0 32
0 32
0 32
0 32
0 32
0 32
0 32
0 32
0 32
0 32
0 32
0 32
0 32
0 32
0 32
0 32
0 32
0 32
0 32
0 32
0 32
0 32
0 32
0 32
0 32
0 32
0 32
0 32
0 32
0 32
0 32
0 32
0 32
0 32
0 32
0 32
0 32
0 32

0 32
0 32
0 32
0 32
0 32
0 32
0 32
0 32
0 32
0 32
0 32
0 32
0 32
0 32
0 32
0 32
0 32
0 32
0 32
0 32
0 32
0 32
0 32
0 32
0 32
0 32
0 32
0 32
0 32
0 32
0 32
0 32
0 32
0 32
0 32
0 32
0 32
0 32
0 32
0 32
0 32
0 32
0 32
0 32
0 32
0 32
0 32
0 32
0 32
0 32
0 32
0 32
0 32
0 32
0 32
0 32
0 32
0 32
0 32
0 32
0 32
0 32
0 32
0 32

16 32
16 32
16 32
16 32
16 32
16 32
16 32
16 32
16 32
16 32
16 32
16 32
16 32
16 32
16 32
16 32
16 32
16 32
16 32
16 32
16 32
16 32
16 32
16 32
16 32
16 32
16 32
16 32
16 32
16 32
16 32
16 32
16 32
16 32
16 32
16 32
16 32
16 32
16 32
16 32
16 32
16 32
16 32
16 32
16 32
16 32
16 32
16 32
16 32
16 32
16 32
16 32
16 32
16 32
16 32
16 32
16 32
16 32
16 32
16 32
16 32
16 32
16 32
16 32

5 0
5 5
5 4
0 5
5 0
0 5
5 0
2 5
5 5
0 5
5 0
5 5
5 0
0 5
5 4
5 5
5 1
0 5
5 5
0 5
5 3
0 5
5 1
2 5
5 0
3 5
5 2
3 5
5 5
2 5
5 1
0 5
5 0
4 5
5 3
0 5
5 3
4 5
5 5
0 5
5 1
1 5
5 0
3 5
5 0
0 5
5 1
0 5
5 0
0 5
5 0
3 5
5 3
5 5
5 3
0 5
5 0
0 5
5 5
0 5
5 2
2 5
5 2
0 5

25 22 26 25 24 34 26 23 23 29 23 28 22 21 25 19 25 21 28 21 26 25 29 26 23 26 24 21 27 21 28 36
36 34 29 25 30 21 31 33 33 24 33 30 34 31 30 31 29 29 27 30 29 27 26 30 29 27 22 33 30 40 35 28
